(0, 0, 1, 0) (46, 2, 23, 0.9, 1.2682)
(0, 0, 1, 4) (1731, 76, 22, 0.9, 0.0071)
(0, 0, 2, 3) (1046, 8, 130, 0.9, 0.0529)
(0, 0, 2, 4) (2699, 88, 30, 0.9, -0.0552)
(0, 0, 3, 0) (458, 47, 9, 0.9, -0.0282)
(0, 0, 3, 1) (1035, 8, 129, 0.9, -0.1116)
(0, 0, 3, 2) (2715, 30, 90, 0.9, -0.0655)
(0, 0, 3, 3) (4592, 98, 46, 0.9, -0.0265)
(0, 0, 3, 4) (931, 52, 17, 0.9, -0.0699)
(0, 0, 4, 0) (44, 1, 44, 0.9, -0.0325)
(0, 0, 4, 1) (10545, 129, 81, 0.9, 0.0636)
(0, 0, 4, 2) (13285, 44, 301, 0.9, 0.0174)
(0, 0, 4, 3) (3007, 62, 48, 0.9, 0.0049)
(0, 1, 1, 4) (48, 1, 48, 0.9, 0.5573)
(0, 1, 3, 2) (16, 1, 16, 0.9, 0.007)
(0, 1, 3, 4) (19, 1, 19, 0.9, 0.0898)
(0, 2, 2, 4) (96, 2, 48, 0.9, -0.3285)
(0, 3, 1, 4) (183, 1, 183, 0.9, -0.2395)
(0, 3, 2, 3) (25, 1, 25, 0.9, -0.8651)
(0, 3, 3, 4) (13, 1, 13, 0.9, -0.0587)
(0, 3, 4, 2) (15, 1, 15, 0.9, -0.0377)
(0, 4, 4, 1) (2, 1, 2, 0.9, 0.0392)
(0, 5, 1, 4) (124, 2, 62, 0.9, -0.045)
(0, 5, 3, 3) (34, 1, 34, 0.9, -0.045)
(1, 0, 3, 3) (460, 5, 92, 0.9, 0.317)
(1, 0, 3, 4) (21, 1, 21, 0.9, 0.0889)
(1, 0, 4, 1) (40, 3, 13, 0.9, 0.0209)
(1, 1, 1, 3) (110, 2, 55, 0.9, 0.4502)
(1, 1, 1, 4) (2625, 66, 39, 0.9, 0.0195)
(1, 1, 2, 3) (620, 24, 25, 0.9, 0.0504)
(1, 1, 2, 4) (2868, 86, 33, 0.9, 0.0098)
(1, 1, 3, 0) (814, 19, 42, 0.9, 0.1142)
(1, 1, 3, 1) (552, 18, 30, 0.9, -0.022)
(1, 1, 3, 2) (21799, 661, 32, 0.9, 0.0056)
(1, 1, 3, 3) (69780, 1821, 38, 0.9, -0.0022)
(1, 1, 3, 4) (14562, 401, 36, 0.9, 0.0059)
(1, 1, 4, 0) (159, 5, 31, 0.9, 0.0785)
(1, 1, 4, 1) (3384, 91, 37, 0.9, 0.0886)
(1, 1, 4, 2) (4731, 118, 40, 0.9, 0.0146)
(1, 1, 4, 3) (6335, 153, 41, 0.9, 0.0199)
(1, 1, 4, 4) (105, 3, 35, 0.9, -0.0194)
(1, 2, 1, 3) (318, 13, 24, 0.9, 0.047)
(1, 2, 1, 4) (2904, 56, 51, 0.9, 0.0199)
(1, 2, 2, 3) (764, 15, 50, 0.9, -0.0029)
(1, 2, 2, 4) (3753, 106, 35, 0.9, 0.0183)
(1, 2, 3, 0) (2251, 75, 30, 0.9, -0.0064)
(1, 2, 3, 1) (399, 15, 26, 0.9, -0.0255)
(1, 2, 3, 2) (18072, 562, 32, 0.9, 0.0132)
(1, 2, 3, 3) (22491, 671, 33, 0.9, 0.003)
(1, 2, 3, 4) (6423, 201, 31, 0.9, 0.0087)
(1, 2, 4, 0) (592, 18, 32, 0.9, 0.2411)
(1, 2, 4, 1) (4610, 183, 25, 0.9, -0.0095)
(1, 2, 4, 2) (6705, 192, 34, 0.9, 0.004)
(1, 2, 4, 3) (10079, 257, 39, 0.9, 0.0245)
(1, 2, 4, 4) (154, 1, 154, 0.9, -0.0419)
(1, 3, 1, 3) (912, 52, 17, 0.9, -0.0064)
(1, 3, 1, 4) (4440, 135, 32, 0.9, 0.033)
(1, 3, 2, 3) (1718, 66, 26, 0.9, 0.0439)
(1, 3, 2, 4) (12501, 602, 20, 0.9, 0.0113)
(1, 3, 3, 0) (1978, 65, 30, 0.9, 0.0812)
(1, 3, 3, 1) (1418, 65, 21, 0.9, -0.0109)
(1, 3, 3, 2) (15075, 654, 23, 0.9, -0.0011)
(1, 3, 3, 3) (18819, 840, 22, 0.9, 0.01)
(1, 3, 3, 4) (7850, 338, 23, 0.9, -0.0119)
(1, 3, 4, 0) (305, 7, 43, 0.9, 0.0787)
(1, 3, 4, 1) (20344, 1024, 19, 0.9, 0.001)
(1, 3, 4, 2) (8537, 390, 21, 0.9, 0.0012)
(1, 3, 4, 3) (9276, 406, 22, 0.9, 0.009)
(1, 3, 4, 4) (41, 1, 41, 0.9, 0.0779)
(1, 4, 1, 4) (359, 25, 14, 0.9, 0.0069)
(1, 4, 2, 3) (75, 2, 37, 0.9, 0.0005)
(1, 4, 2, 4) (1431, 75, 19, 0.9, 0.0067)
(1, 4, 3, 0) (350, 11, 31, 0.9, 0.0341)
(1, 4, 3, 2) (1911, 73, 26, 0.9, 0.0022)
(1, 4, 3, 3) (1869, 87, 21, 0.9, 0.0136)
(1, 4, 3, 4) (973, 36, 27, 0.9, 0.0187)
(1, 4, 4, 1) (2528, 129, 19, 0.9, 0.0004)
(1, 4, 4, 2) (1871, 101, 18, 0.9, 0.0074)
(1, 4, 4, 3) (405, 15, 27, 0.9, -0.006)
(1, 4, 4, 4) (7, 1, 7, 0.9, -0.3552)
(1, 5, 1, 4) (422, 14, 30, 0.9, 0.0438)
(1, 5, 2, 4) (380, 7, 54, 0.9, 0.0271)
(1, 5, 3, 2) (1802, 74, 24, 0.9, 0.0156)
(1, 5, 3, 3) (3608, 194, 18, 0.9, 0.0125)
(1, 5, 3, 4) (571, 17, 33, 0.9, -0.0002)
(1, 5, 4, 1) (813, 58, 14, 0.9, 0.0214)
(1, 5, 4, 2) (294, 9, 32, 0.9, 0.0051)
(1, 5, 4, 3) (396, 5, 79, 0.9, 0.019)
(2, 0, 1, 3) (47, 1, 47, 0.9, 0.1371)
(2, 0, 1, 4) (365, 11, 33, 0.9, -0.022)
(2, 0, 2, 3) (28, 2, 14, 0.9, 0.0822)
(2, 0, 2, 4) (136, 4, 34, 0.9, -0.0077)
(2, 0, 3, 2) (237, 5, 47, 0.9, 0.0774)
(2, 0, 3, 3) (1399, 16, 87, 0.9, 0.143)
(2, 0, 3, 4) (41, 1, 41, 0.9, 0.0237)
(2, 0, 4, 1) (16, 1, 16, 0.9, -0.006)
(2, 0, 4, 2) (26, 1, 26, 0.9, 0.1856)
(2, 0, 4, 3) (114, 4, 28, 0.9, -0.0105)
(2, 1, 1, 3) (115, 4, 28, 0.9, -0.152)
(2, 1, 1, 4) (5410, 123, 43, 0.9, 0.024)
(2, 1, 2, 0) (24, 1, 24, 0.9, 0.3688)
(2, 1, 2, 3) (2202, 62, 35, 0.9, -0.0164)
(2, 1, 2, 4) (6353, 154, 41, 0.9, 0.0049)
(2, 1, 3, 0) (1067, 40, 26, 0.9, 0.0042)
(2, 1, 3, 1) (1278, 37, 34, 0.9, -0.007)
(2, 1, 3, 2) (55676, 1465, 38, 0.9, 0.0097)
(2, 1, 3, 3) (240070, 5696, 42, 0.9, -0.001)
(2, 1, 3, 4) (56221, 1515, 37, 0.9, 0.0059)
(2, 1, 4, 0) (173, 5, 34, 0.9, -0.1256)
(2, 1, 4, 1) (5273, 129, 40, 0.9, 0.0105)
(2, 1, 4, 2) (10737, 276, 38, 0.9, -0.0002)
(2, 1, 4, 3) (14605, 389, 37, 0.9, 0.0159)
(2, 1, 4, 4) (145, 2, 72, 0.9, 0.0746)
(2, 2, 1, 3) (1539, 39, 39, 0.9, -0.0104)
(2, 2, 1, 4) (28472, 742, 38, 0.9, 0.0114)
(2, 2, 2, 3) (5854, 205, 28, 0.9, 0.0225)
(2, 2, 2, 4) (67439, 2000, 33, 0.9, 0.0186)
(2, 2, 3, 0) (12707, 522, 24, 0.9, 0.0045)
(2, 2, 3, 1) (6386, 175, 36, 0.9, 0.0092)
(2, 2, 3, 2) (138410, 3518, 39, 0.9, 0.0077)
(2, 2, 3, 3) (133394, 3385, 39, 0.9, 0.0086)
(2, 2, 3, 4) (73226, 2000, 36, 0.9, 0.0093)
(2, 2, 4, 0) (715, 30, 23, 0.9, 0.0476)
(2, 2, 4, 1) (47128, 1355, 34, 0.9, 0.0095)
(2, 2, 4, 2) (91197, 2342, 38, 0.9, 0.0076)
(2, 2, 4, 3) (104154, 2638, 39, 0.9, 0.0162)
(2, 2, 4, 4) (307, 8, 38, 0.9, 0.047)
(2, 3, 1, 3) (1709, 48, 35, 0.9, -0.0108)
(2, 3, 1, 4) (22398, 665, 33, 0.9, 0.0181)
(2, 3, 2, 0) (480, 17, 28, 0.9, 0.0479)
(2, 3, 2, 3) (8628, 342, 25, 0.9, 0.0142)
(2, 3, 2, 4) (60696, 2230, 27, 0.9, 0.0145)
(2, 3, 3, 0) (25300, 1024, 24, 0.9, 0.0062)
(2, 3, 3, 1) (4052, 136, 29, 0.9, -0.0029)
(2, 3, 3, 2) (43895, 1441, 30, 0.9, 0.012)
(2, 3, 3, 3) (62690, 2305, 27, 0.9, 0.0106)
(2, 3, 3, 4) (28106, 1037, 27, 0.9, 0.0034)
(2, 3, 4, 0) (4891, 170, 28, 0.9, 0.0116)
(2, 3, 4, 1) (92888, 3652, 25, 0.9, 0.008)
(2, 3, 4, 2) (35112, 1297, 27, 0.9, 0.009)
(2, 3, 4, 3) (49652, 1534, 32, 0.9, 0.0153)
(2, 3, 4, 4) (325, 10, 32, 0.9, 0.1228)
(2, 4, 1, 3) (319, 5, 63, 0.9, 0.0054)
(2, 4, 1, 4) (4438, 171, 25, 0.9, 0.0087)
(2, 4, 2, 0) (117, 4, 29, 0.9, 0.2658)
(2, 4, 2, 3) (716, 14, 51, 0.9, -0.0279)
(2, 4, 2, 4) (9760, 425, 22, 0.9, 0.0006)
(2, 4, 3, 0) (12118, 472, 25, 0.9, 0.0074)
(2, 4, 3, 1) (472, 12, 39, 0.9, 0.0092)
(2, 4, 3, 2) (6358, 220, 28, 0.9, -0.0023)
(2, 4, 3, 3) (13539, 446, 30, 0.9, 0.0191)
(2, 4, 3, 4) (6774, 234, 28, 0.9, 0.0093)
(2, 4, 4, 0) (449, 12, 37, 0.9, 0.2169)
(2, 4, 4, 1) (22810, 1130, 20, 0.9, 0.0079)
(2, 4, 4, 2) (9119, 368, 24, 0.9, 0.0092)
(2, 4, 4, 3) (5034, 145, 34, 0.9, -0.0017)
(2, 4, 4, 4) (102, 5, 20, 0.9, 0.0962)
(2, 5, 1, 3) (447, 23, 19, 0.9, 0.0038)
(2, 5, 1, 4) (5781, 281, 20, 0.9, 0.0252)
(2, 5, 2, 0) (83, 4, 20, 0.9, 0.0351)
(2, 5, 2, 3) (516, 17, 30, 0.9, 0.0981)
(2, 5, 2, 4) (8665, 424, 20, 0.9, 0.0111)
(2, 5, 3, 0) (5141, 221, 23, 0.9, -0.0004)
(2, 5, 3, 1) (359, 20, 17, 0.9, -0.0403)
(2, 5, 3, 2) (8832, 388, 22, 0.9, 0.0157)
(2, 5, 3, 3) (22832, 1210, 18, 0.9, 0.0064)
(2, 5, 3, 4) (8359, 378, 22, 0.9, -0.0001)
(2, 5, 4, 0) (340, 10, 34, 0.9, 0.0065)
(2, 5, 4, 1) (16840, 1008, 16, 0.9, 0.0137)
(2, 5, 4, 2) (5524, 308, 17, 0.9, 0.0088)
(2, 5, 4, 3) (5679, 190, 29, 0.9, 0.0101)
(2, 5, 4, 4) (74, 4, 18, 0.9, -0.0069)
(3, 0, 1, 3) (28, 2, 14, 0.9, -0.0072)
(3, 0, 1, 4) (293, 3, 97, 0.9, -0.017)
(3, 0, 2, 3) (21, 1, 21, 0.9, 0.0354)
(3, 0, 2, 4) (133, 6, 22, 0.9, 0.0184)
(3, 0, 3, 2) (79, 4, 19, 0.9, -0.019)
(3, 0, 3, 3) (1063, 16, 66, 0.9, 0.0344)
(3, 0, 4, 3) (162, 2, 81, 0.9, -0.0128)
(3, 1, 1, 3) (19, 1, 19, 0.9, -0.0377)
(3, 1, 1, 4) (1012, 25, 40, 0.9, 0.0554)
(3, 1, 2, 3) (1266, 36, 35, 0.9, -0.0466)
(3, 1, 2, 4) (1381, 41, 33, 0.9, 0.0438)
(3, 1, 3, 0) (242, 10, 24, 0.9, -0.0043)
(3, 1, 3, 1) (360, 11, 32, 0.9, 0.0658)
(3, 1, 3, 2) (12403, 280, 44, 0.9, -0.0006)
(3, 1, 3, 3) (69505, 1571, 44, 0.9, 0.0132)
(3, 1, 3, 4) (13219, 310, 42, 0.9, 0.03)
(3, 1, 4, 1) (1255, 48, 26, 0.9, -0.1018)
(3, 1, 4, 2) (1544, 40, 38, 0.9, 0.0037)
(3, 1, 4, 3) (2868, 54, 53, 0.9, 0.0417)
(3, 1, 4, 4) (60, 1, 60, 0.9, 0.0383)
(3, 2, 1, 3) (156, 1, 156, 0.9, -0.2731)
(3, 2, 1, 4) (5428, 149, 36, 0.9, 0.0478)
(3, 2, 2, 3) (8141, 291, 27, 0.9, 0.01)
(3, 2, 2, 4) (23797, 677, 35, 0.9, 0.027)
(3, 2, 3, 0) (1124, 42, 26, 0.9, 0.0056)
(3, 2, 3, 1) (3043, 72, 42, 0.9, 0.0032)
(3, 2, 3, 2) (34359, 733, 46, 0.9, 0.0152)
(3, 2, 3, 3) (38318, 954, 40, 0.9, 0.0102)
(3, 2, 3, 4) (16913, 458, 36, 0.9, 0.0127)
(3, 2, 4, 0) (135, 2, 67, 0.9, 0.0636)
(3, 2, 4, 1) (17124, 457, 37, 0.9, 0.002)
(3, 2, 4, 2) (22088, 615, 35, 0.9, 0.0171)
(3, 2, 4, 3) (19417, 509, 38, 0.9, 0.0236)
(3, 2, 4, 4) (110, 1, 110, 0.9, -0.0336)
(3, 3, 1, 3) (343, 6, 57, 0.9, 0.0032)
(3, 3, 1, 4) (6605, 177, 37, 0.9, 0.0207)
(3, 3, 2, 0) (37, 1, 37, 0.9, 0.0276)
(3, 3, 2, 3) (6736, 216, 31, 0.9, 0.0117)
(3, 3, 2, 4) (26836, 807, 33, 0.9, 0.0155)
(3, 3, 3, 0) (6269, 273, 22, 0.9, 0.015)
(3, 3, 3, 1) (3135, 83, 37, 0.9, 0.0207)
(3, 3, 3, 2) (16943, 373, 45, 0.9, 0.0224)
(3, 3, 3, 3) (12097, 378, 32, 0.9, 0.022)
(3, 3, 3, 4) (6362, 196, 32, 0.9, 0.0049)
(3, 3, 4, 0) (361, 8, 45, 0.9, 0.0298)
(3, 3, 4, 1) (41736, 1254, 33, 0.9, 0.0103)
(3, 3, 4, 2) (18408, 533, 34, 0.9, 0.008)
(3, 3, 4, 3) (24661, 652, 37, 0.9, 0.0254)
(3, 3, 4, 4) (188, 9, 20, 0.9, 0.0514)
(3, 4, 1, 3) (34, 1, 34, 0.9, -0.212)
(3, 4, 1, 4) (2881, 80, 36, 0.9, 0.0095)
(3, 4, 2, 0) (145, 6, 24, 0.9, -0.0164)
(3, 4, 2, 3) (976, 38, 25, 0.9, 0.0756)
(3, 4, 2, 4) (9248, 328, 28, 0.9, 0.0112)
(3, 4, 3, 0) (5695, 219, 26, 0.9, -0.0081)
(3, 4, 3, 1) (980, 36, 27, 0.9, 0.0219)
(3, 4, 3, 2) (4901, 117, 41, 0.9, 0.013)
(3, 4, 3, 3) (4965, 145, 34, 0.9, 0.0363)
(3, 4, 3, 4) (2795, 89, 31, 0.9, 0.0151)
(3, 4, 4, 0) (68, 1, 68, 0.9, 0.0)
(3, 4, 4, 1) (17793, 671, 26, 0.9, 0.0088)
(3, 4, 4, 2) (6705, 208, 32, 0.9, 0.0096)
(3, 4, 4, 3) (3526, 84, 41, 0.9, 0.0195)
(3, 4, 4, 4) (59, 3, 19, 0.9, -0.1523)
(3, 5, 1, 3) (264, 8, 33, 0.9, 0.0019)
(3, 5, 1, 4) (4354, 179, 24, 0.9, 0.0068)
(3, 5, 2, 0) (236, 16, 14, 0.9, 0.0471)
(3, 5, 2, 3) (404, 12, 33, 0.9, 0.0254)
(3, 5, 2, 4) (9719, 409, 23, 0.9, 0.0211)
(3, 5, 3, 0) (11244, 553, 20, 0.9, 0.0079)
(3, 5, 3, 1) (865, 30, 28, 0.9, 0.0064)
(3, 5, 3, 2) (5919, 227, 26, 0.9, 0.01)
(3, 5, 3, 3) (8665, 318, 27, 0.9, 0.0391)
(3, 5, 3, 4) (4969, 190, 26, 0.9, 0.0086)
(3, 5, 4, 0) (232, 4, 58, 0.9, -0.0144)
(3, 5, 4, 1) (14365, 617, 23, 0.9, 0.015)
(3, 5, 4, 2) (4850, 164, 29, 0.9, 0.0262)
(3, 5, 4, 3) (4043, 139, 29, 0.9, 0.021)
(3, 5, 4, 4) (300, 11, 27, 0.9, 0.0659)
(4, 0, 1, 4) (68, 3, 22, 0.9, -0.0886)
(4, 0, 2, 4) (43, 2, 21, 0.9, -0.0283)
(4, 0, 3, 2) (28, 1, 28, 0.9, 0.0344)
(4, 0, 3, 3) (540, 8, 67, 0.9, -0.0462)
(4, 0, 4, 3) (88, 5, 17, 0.9, 0.0289)
(4, 1, 1, 4) (217, 4, 54, 0.9, 0.1925)
(4, 1, 2, 3) (625, 19, 32, 0.9, -0.0561)
(4, 1, 2, 4) (363, 13, 27, 0.9, 0.1026)
(4, 1, 3, 0) (54, 2, 27, 0.9, 0.0952)
(4, 1, 3, 1) (88, 1, 88, 0.9, -0.0192)
(4, 1, 3, 2) (3216, 80, 40, 0.9, -0.0336)
(4, 1, 3, 3) (21574, 500, 43, 0.9, 0.0262)
(4, 1, 3, 4) (2907, 76, 38, 0.9, 0.0265)
(4, 1, 4, 1) (261, 6, 43, 0.9, -0.0887)
(4, 1, 4, 2) (291, 10, 29, 0.9, 0.1534)
(4, 1, 4, 3) (629, 16, 39, 0.9, 0.0799)
(4, 1, 4, 4) (18, 1, 18, 0.9, -0.0845)
(4, 2, 1, 3) (71, 2, 35, 0.9, -0.0345)
(4, 2, 1, 4) (655, 13, 50, 0.9, 0.0126)
(4, 2, 2, 3) (2394, 78, 30, 0.9, 0.029)
(4, 2, 2, 4) (3230, 115, 28, 0.9, 0.0582)
(4, 2, 3, 0) (142, 5, 28, 0.9, -0.0363)
(4, 2, 3, 1) (539, 8, 67, 0.9, 0.015)
(4, 2, 3, 2) (5533, 120, 46, 0.9, 0.1325)
(4, 2, 3, 3) (12618, 279, 45, 0.9, 0.0013)
(4, 2, 3, 4) (2584, 69, 37, 0.9, 0.046)
(4, 2, 4, 0) (27, 1, 27, 0.9, 0.2964)
(4, 2, 4, 1) (2596, 73, 35, 0.9, 0.0455)
(4, 2, 4, 2) (3288, 82, 40, 0.9, 0.0351)
(4, 2, 4, 3) (2421, 62, 39, 0.9, 0.0446)
(4, 2, 4, 4) (20, 1, 20, 0.9, 0.0363)
(4, 3, 1, 3) (41, 2, 20, 0.9, 0.0386)
(4, 3, 1, 4) (1247, 37, 33, 0.9, 0.0153)
(4, 3, 2, 3) (3875, 146, 26, 0.9, 0.0163)
(4, 3, 2, 4) (6707, 208, 32, 0.9, 0.0184)
(4, 3, 3, 0) (632, 38, 16, 0.9, -0.0108)
(4, 3, 3, 1) (979, 24, 40, 0.9, -0.0132)
(4, 3, 3, 2) (3925, 89, 44, 0.9, 0.0212)
(4, 3, 3, 3) (4506, 120, 37, 0.9, 0.041)
(4, 3, 3, 4) (1702, 37, 46, 0.9, 0.017)
(4, 3, 4, 0) (104, 6, 17, 0.9, 0.1035)
(4, 3, 4, 1) (9518, 302, 31, 0.9, 0.0202)
(4, 3, 4, 2) (4960, 123, 40, 0.9, 0.0183)
(4, 3, 4, 3) (3739, 87, 42, 0.9, 0.0487)
(4, 4, 1, 3) (10, 1, 10, 0.9, 0.1302)
(4, 4, 1, 4) (663, 28, 23, 0.9, 0.0374)
(4, 4, 2, 0) (38, 2, 19, 0.9, 0.0304)
(4, 4, 2, 3) (1312, 45, 29, 0.9, 0.058)
(4, 4, 2, 4) (4043, 151, 26, 0.9, 0.0145)
(4, 4, 3, 0) (725, 32, 22, 0.9, 0.0144)
(4, 4, 3, 1) (759, 29, 26, 0.9, -0.0123)
(4, 4, 3, 2) (1990, 44, 45, 0.9, -0.0112)
(4, 4, 3, 3) (2175, 60, 36, 0.9, 0.0763)
(4, 4, 3, 4) (955, 39, 24, 0.9, 0.031)
(4, 4, 4, 0) (19, 1, 19, 0.9, -0.0131)
(4, 4, 4, 1) (8328, 314, 26, 0.9, 0.0246)
(4, 4, 4, 2) (2997, 82, 36, 0.9, 0.0259)
(4, 4, 4, 3) (1935, 58, 33, 0.9, 0.0476)
(4, 5, 1, 3) (16, 1, 16, 0.9, 0.0325)
(4, 5, 1, 4) (1464, 53, 27, 0.9, 0.0939)
(4, 5, 2, 0) (208, 6, 34, 0.9, 0.0152)
(4, 5, 2, 3) (777, 37, 21, 0.9, 0.0128)
(4, 5, 2, 4) (7098, 320, 22, 0.9, 0.0116)
(4, 5, 3, 0) (5106, 217, 23, 0.9, 0.0194)
(4, 5, 3, 1) (357, 11, 32, 0.9, 0.054)
(4, 5, 3, 2) (2454, 82, 29, 0.9, 0.0201)
(4, 5, 3, 3) (3765, 115, 32, 0.9, 0.0264)
(4, 5, 3, 4) (2313, 87, 26, 0.9, 0.0319)
(4, 5, 4, 1) (8790, 402, 21, 0.9, 0.0075)
(4, 5, 4, 2) (2471, 72, 34, 0.9, 0.0414)
(4, 5, 4, 3) (2431, 92, 26, 0.9, 0.0256)
(4, 5, 4, 4) (135, 6, 22, 0.9, 0.0237)
(5, 0, 2, 4) (30, 1, 30, 0.9, 0.009)
(5, 0, 3, 3) (390, 7, 55, 0.9, 0.0059)
(5, 0, 4, 1) (14, 2, 7, 0.9, 0.5375)
(5, 0, 4, 3) (96, 3, 32, 0.9, 0.0708)
(5, 1, 1, 4) (80, 1, 80, 0.9, 0.0723)
(5, 1, 2, 3) (483, 9, 53, 0.9, -0.006)
(5, 1, 2, 4) (237, 6, 39, 0.9, 0.1037)
(5, 1, 3, 1) (25, 1, 25, 0.9, -0.4155)
(5, 1, 3, 2) (1232, 15, 82, 0.9, -0.0355)
(5, 1, 3, 3) (14518, 331, 43, 0.9, 0.0188)
(5, 1, 3, 4) (1139, 25, 45, 0.9, 0.1139)
(5, 1, 4, 0) (11, 1, 11, 0.9, 0.5394)
(5, 1, 4, 2) (125, 1, 125, 0.9, 0.0421)
(5, 1, 4, 3) (313, 4, 78, 0.9, 0.0364)
(5, 2, 1, 3) (47, 2, 23, 0.9, 0.0163)
(5, 2, 1, 4) (178, 6, 29, 0.9, 0.1312)
(5, 2, 2, 3) (917, 28, 32, 0.9, -0.0372)
(5, 2, 2, 4) (794, 31, 25, 0.9, -0.0123)
(5, 2, 3, 1) (262, 4, 65, 0.9, -0.1506)
(5, 2, 3, 2) (2005, 34, 58, 0.9, 0.0073)
(5, 2, 3, 3) (5740, 110, 52, 0.9, -0.0007)
(5, 2, 3, 4) (776, 12, 64, 0.9, -0.0036)
(5, 2, 4, 1) (884, 22, 40, 0.9, 0.0149)
(5, 2, 4, 2) (1353, 29, 46, 0.9, 0.0216)
(5, 2, 4, 3) (627, 9, 69, 0.9, 0.1354)
(5, 3, 1, 4) (375, 10, 37, 0.9, 0.1316)
(5, 3, 2, 0) (1, 1, 1, 0.9, 0.0459)
(5, 3, 2, 3) (2077, 72, 28, 0.9, 0.0331)
(5, 3, 2, 4) (2337, 81, 28, 0.9, 0.0342)
(5, 3, 3, 0) (217, 3, 72, 0.9, 0.0306)
(5, 3, 3, 1) (580, 13, 44, 0.9, 0.0631)
(5, 3, 3, 2) (2542, 57, 44, 0.9, 0.0087)
(5, 3, 3, 3) (3914, 61, 64, 0.9, 0.0314)
(5, 3, 3, 4) (973, 26, 37, 0.9, 0.0597)
(5, 3, 4, 0) (65, 1, 65, 0.9, 0.0198)
(5, 3, 4, 1) (3163, 102, 31, 0.9, 0.0353)
(5, 3, 4, 2) (1869, 57, 32, 0.9, 0.0465)
(5, 3, 4, 3) (1543, 46, 33, 0.9, 0.0203)
(5, 4, 1, 4) (319, 8, 39, 0.9, 0.1585)
(5, 4, 2, 3) (1742, 65, 26, 0.9, 0.0661)
(5, 4, 2, 4) (1995, 76, 26, 0.9, 0.0309)
(5, 4, 3, 0) (159, 7, 22, 0.9, -0.0119)
(5, 4, 3, 1) (260, 4, 65, 0.9, 0.0602)
(5, 4, 3, 2) (1183, 32, 36, 0.9, 0.0296)
(5, 4, 3, 3) (2690, 58, 46, 0.9, 0.0657)
(5, 4, 3, 4) (633, 22, 28, 0.9, 0.0625)
(5, 4, 4, 0) (24, 1, 24, 0.9, -0.2957)
(5, 4, 4, 1) (3573, 146, 24, 0.9, 0.0434)
(5, 4, 4, 2) (1281, 32, 40, 0.9, 0.0359)
(5, 4, 4, 3) (1183, 28, 42, 0.9, 0.0212)
(5, 5, 1, 4) (348, 18, 19, 0.9, 0.0199)
(5, 5, 2, 3) (2061, 92, 22, 0.9, 0.0439)
(5, 5, 2, 4) (3629, 146, 24, 0.9, 0.0292)
(5, 5, 3, 0) (590, 32, 18, 0.9, 0.0227)
(5, 5, 3, 1) (277, 9, 30, 0.9, 0.0195)
(5, 5, 3, 2) (1728, 37, 46, 0.9, 0.0049)
(5, 5, 3, 3) (4425, 114, 38, 0.9, 0.0623)
(5, 5, 3, 4) (951, 29, 32, 0.9, 0.0358)
(5, 5, 4, 0) (28, 1, 28, 0.9, -0.0151)
(5, 5, 4, 1) (5430, 262, 20, 0.9, 0.0359)
(5, 5, 4, 2) (1343, 49, 27, 0.9, 0.1078)
(5, 5, 4, 3) (2392, 67, 35, 0.9, 0.0664)

