train()
584.13784733
doing 1
('taxamount', 125.9763774231328, 23, 175, 2800)
('calculatedfinishedsquarefeet', -118.24077958063474, 14, 97, 1700)
('bathroomcnt', -108.0154247498907, 4, 9, 5)
('bedroomcnt', -84.176516376695076, 3, 14, 4)
('yearbuilt', -62.541394805909512, 58, 119, 1958)
('taxvaluedollarcnt', -44.67266034655497, 59, 109, 680000)
('lotsizesquarefeet', -42.96423710649232, 31, 213, 9600)
('landtaxvaluedollarcnt', 38.574912183041924, 8, 109, 130000)
583.636434518
doing 2
('taxamount', 122.19708610043884, 23, 175, 2800)
('calculatedfinishedsquarefeet', -119.25727406311961, 14, 97, 1700)
('bathroomcnt', -109.15705133830235, 4, 9, 5)
('bedroomcnt', -84.711749267399512, 3, 14, 4)
('yearbuilt', -62.91337603531565, 58, 119, 1958)
('taxvaluedollarcnt', -45.45636398938008, 59, 109, 680000)
('lotsizesquarefeet', -43.018145243654928, 31, 213, 9600)
('landtaxvaluedollarcnt', 35.752754771088419, 8, 109, 130000)
583.164655203
doing 3
('calculatedfinishedsquarefeet', -120.24327371113003, 14, 97, 1700)
('taxamount', 118.53117351742563, 23, 175, 2800)
('bathroomcnt', -110.26442912906175, 4, 9, 5)
('bedroomcnt', -85.230925171382935, 3, 14, 4)
('yearbuilt', -63.274197827839686, 58, 119, 1958)
('taxvaluedollarcnt', -46.216556522920563, 59, 109, 680000)
('lotsizesquarefeet', -43.070436136702796, 31, 213, 9600)
('landtaxvaluedollarcnt', 33.015262081493432, 8, 109, 130000)
582.735485203
doing 4
('taxamount', 119.25950198654878, 23, 175, 2800)
('calculatedfinishedsquarefeet', -116.6359754997961, 14, 97, 1700)
('bathroomcnt', -108.17035565234906, 4, 9, 5)
('bedroomcnt', -83.432654193187787, 3, 14, 4)
('yearbuilt', -62.672467717448065, 58, 119, 1958)
('taxvaluedollarcnt', -45.185298336160777, 59, 109, 680000)
('lotsizesquarefeet', -42.739533599137218, 31, 213, 9600)
('landtaxvaluedollarcnt', 33.571469391160875, 8, 109, 130000)
582.313198251
doing 5
('calculatedfinishedsquarefeet', -117.59827198928842, 14, 97, 1700)
('taxamount', 115.6817169269523, 23, 175, 2800)
('bathroomcnt', -109.25111238764788, 4, 9, 5)
('bedroomcnt', -83.939349252197559, 3, 14, 4)
('yearbuilt', -63.024615453990201, 58, 119, 1958)
('taxvaluedollarcnt', -45.927216051689783, 59, 109, 680000)
('lotsizesquarefeet', -42.790567433595442, 31, 213, 9600)
('landtaxvaluedollarcnt', -32.738294041455653, 42, 109, 470000)
581.929696444
doing 6
('taxamount', 116.39402429156422, 23, 175, 2800)
('calculatedfinishedsquarefeet', -114.07032382960976, 14, 97, 1700)
('bathroomcnt', -107.20310242684448, 4, 9, 5)
('bedroomcnt', -82.180634996693641, 3, 14, 4)
('yearbuilt', -62.436121653031584, 58, 119, 1958)
('taxvaluedollarcnt', -44.918642540716576, 59, 109, 680000)
('lotsizesquarefeet', -42.466943787851605, 31, 213, 9600)
('landtaxvaluedollarcnt', -32.004100042755155, 42, 109, 470000)
581.551442782
doing 7
('calculatedfinishedsquarefeet', -115.00949898217958, 14, 97, 1700)
('taxamount', 112.90220356281738, 23, 175, 2800)
('bathroomcnt', -108.25789155145266, 4, 9, 5)
('bedroomcnt', -82.675155567586188, 3, 14, 4)
('yearbuilt', -62.779808248384789, 58, 119, 1958)
('taxvaluedollarcnt', -45.642734014897876, 59, 109, 680000)
('lotsizesquarefeet', -42.51675141968493, 31, 213, 9600)
('landtaxvaluedollarcnt', -32.652078934987841, 42, 109, 470000)
581.208527178
doing 8
('taxamount', 113.59883040723892, 23, 175, 2800)
('calculatedfinishedsquarefeet', -111.68890451620474, 17, 97, 2000)
('bathroomcnt', -106.25496586625252, 4, 9, 5)
('bedroomcnt', -80.955157118997349, 3, 14, 4)
('yearbuilt', -62.204269373047204, 58, 119, 1958)
('taxvaluedollarcnt', -44.656362937997457, 59, 109, 680000)
('lotsizesquarefeet', -42.20025192759072, 31, 213, 9600)
('landtaxvaluedollarcnt', -31.934047262261096, 42, 109, 470000)
580.869463556
doing 9
('calculatedfinishedsquarefeet', -112.47583494346105, 14, 97, 1700)
('taxamount', 110.19086549502182, 23, 175, 2800)
('bathroomcnt', -107.28442430805043, 4, 9, 5)
('bedroomcnt', -81.437801814957112, 3, 14, 4)
('yearbuilt', -62.539702360233747, 58, 119, 1958)
('taxvaluedollarcnt', -45.363065408983587, 59, 109, 680000)
('lotsizesquarefeet', -42.248863432829729, 31, 213, 9600)
('landtaxvaluedollarcnt', -32.566464989324487, 42, 109, 470000)
580.562628318
doing 10
('taxamount', 110.8721456211311, 23, 175, 2800)
('calculatedfinishedsquarefeet', -110.1515704721901, 17, 97, 2000)
('bathroomcnt', -105.32562315887313, 4, 9, 5)
('bedroomcnt', -79.755695003619039, 3, 14, 4)
('yearbuilt', -61.976842630220908, 58, 119, 1958)
('taxvaluedollarcnt', -44.398424127869418, 59, 109, 680000)
('lotsizesquarefeet', -41.939336437689903, 31, 213, 9600)
('landtaxvaluedollarcnt', -31.864251584166347, 42, 109, 470000)
580.258457171
doing 11
('calculatedfinishedsquarefeet', -110.91547650379724, 17, 97, 2000)
('taxamount', 107.54598125249717, 23, 175, 2800)
('bathroomcnt', -106.33037176289272, 4, 9, 5)
('bedroomcnt', -80.226754897650494, 3, 14, 4)
('yearbuilt', -62.304224301917351, 58, 119, 1958)
('taxvaluedollarcnt', -45.088163793261366, 59, 109, 680000)
('lotsizesquarefeet', -41.98678113292501, 31, 213, 9600)
('landtaxvaluedollarcnt', -32.481489544073277, 42, 109, 470000)
579.974543875
doing 12
('taxamount', 108.23370480813772, 23, 175, 2800)
('calculatedfinishedsquarefeet', -107.58801220868334, 17, 97, 2000)
('bathroomcnt', -104.21517874883894, 4, 9, 5)
('bedroomcnt', -78.363049730047635, 3, 14, 4)
('yearbuilt', -61.729672472232586, 58, 119, 1958)
('taxvaluedollarcnt', -43.916303820456129, 59, 109, 680000)
('lotsizesquarefeet', -41.518389648929954, 31, 213, 9600)
('landtaxvaluedollarcnt', -31.663475617602344, 42, 109, 470000)
579.701429793
doing 13
('calculatedfinishedsquarefeet', -108.3337394557112, 17, 97, 2000)
('bathroomcnt', -105.19601720203758, 4, 9, 5)
('taxamount', 104.98669366389359, 23, 175, 2800)
('bedroomcnt', -78.822899742256965, 3, 14, 4)
('yearbuilt', -62.049263393969333, 58, 119, 1958)
('taxvaluedollarcnt', -44.589629649231895, 59, 109, 680000)
('lotsizesquarefeet', -41.564705295750166, 31, 213, 9600)
('landtaxvaluedollarcnt', -32.266025074679014, 42, 109, 470000)
579.446578944
doing 14
('taxamount', 105.65840934183839, 23, 175, 2800)
('calculatedfinishedsquarefeet', -105.44793394688487, 14, 97, 1700)
('bathroomcnt', -103.13005872531218, 4, 9, 5)
('bedroomcnt', -77.002575325740992, 3, 14, 4)
('yearbuilt', -61.488085187078177, 58, 119, 1958)
('taxvaluedollarcnt', -43.445046612002351, 59, 109, 680000)
('lotsizesquarefeet', -41.107216380858532, 31, 213, 9600)
('landtaxvaluedollarcnt', -31.467051744943277, 42, 109, 470000)
579.201139394
doing 15
('calculatedfinishedsquarefeet', -106.30048418146879, 14, 97, 1700)
('bathroomcnt', -104.08755926518558, 4, 9, 5)
('taxamount', 102.48865706158321, 23, 175, 2800)
('bedroomcnt', -77.451483740287117, 3, 14, 4)
('yearbuilt', -61.800071813523807, 58, 119, 1958)
('taxvaluedollarcnt', -44.111888161125265, 56, 109, 620000)
('lotsizesquarefeet', -41.152430000584005, 31, 213, 9600)
('landtaxvaluedollarcnt', -32.055264236582389, 42, 109, 470000)
578.97952006
doing 16
('calculatedfinishedsquarefeet', -103.61906223640781, 17, 97, 2000)
('taxamount', 103.1325323198112, 23, 175, 2800)
('bathroomcnt', -102.23630374281103, 4, 9, 5)
('bedroomcnt', -75.86173098512802, 3, 14, 4)
('yearbuilt', -61.268115221632797, 58, 119, 1958)
('taxvaluedollarcnt', -43.19067262465714, 59, 109, 680000)
('lotsizesquarefeet', -40.859897213722348, 31, 213, 9600)
('landtaxvaluedollarcnt', -31.391605015874632, 42, 109, 470000)
578.763251495
doing 17
('taxamount', 103.77501497561012, 23, 175, 2800)
('calculatedfinishedsquarefeet', -100.71154143631189, 12, 97, 1500)
('bathroomcnt', -100.26025564317764, 4, 9, 5)
('bedroomcnt', -74.120626967551615, 3, 14, 4)
('yearbuilt', -60.731359453413994, 58, 119, 1958)
('taxvaluedollarcnt', -42.095901765963561, 59, 109, 680000)
('lotsizesquarefeet', -40.422318186331736, 31, 213, 9600)
('landtaxvaluedollarcnt', -30.627402952924928, 42, 109, 470000)
578.552032693
doing 18
('calculatedfinishedsquarefeet', -101.58667624990018, 12, 97, 1500)
('bathroomcnt', -101.20068843488313, 4, 9, 5)
('taxamount', 100.6617645263418, 23, 175, 2800)
('bedroomcnt', -74.561533448468538, 3, 14, 4)
('yearbuilt', -61.037784820152496, 58, 119, 1958)
('taxvaluedollarcnt', -42.741489922522852, 59, 109, 680000)
('lotsizesquarefeet', -40.466725859070038, 31, 213, 9600)
('landtaxvaluedollarcnt', -31.205130371962483, 42, 109, 470000)
578.365488233
doing 19
('taxamount', 101.28328507637013, 23, 175, 2800)
('calculatedfinishedsquarefeet', -99.601447212915687, 17, 97, 2000)
('bathroomcnt', -99.583459700316581, 4, 9, 5)
('bedroomcnt', -73.185210939164023, 3, 14, 4)
('yearbuilt', -60.569666819601522, 58, 119, 1958)
('taxvaluedollarcnt', -42.007115748755396, 59, 109, 680000)
('lotsizesquarefeet', -40.30113344337758, 31, 213, 9600)
('landtaxvaluedollarcnt', -30.644973521362374, 42, 109, 470000)
578.175159977
doing 20
('bathroomcnt', -100.50131186887432, 4, 9, 5)
('calculatedfinishedsquarefeet', -100.29928625929995, 17, 97, 2000)
('taxamount', 98.244786524079046, 23, 175, 2800)
('bedroomcnt', -73.615530865489546, 3, 14, 4)
('yearbuilt', -60.868734642249436, 58, 119, 1958)
('taxvaluedollarcnt', -42.637202762648855, 59, 109, 680000)
('lotsizesquarefeet', -40.344474848614624, 31, 213, 9600)
('landtaxvaluedollarcnt', -31.208829194065263, 42, 109, 470000)
578.005455548
doing 21
('taxamount', 98.931648203775126, 23, 175, 2800)
('calculatedfinishedsquarefeet', -98.693129540400406, 17, 97, 2000)
('bathroomcnt', -97.486272512808085, 4, 9, 5)
('bedroomcnt', -72.494919781372687, 3, 14, 4)
('yearbuilt', -59.892567081850011, 58, 119, 1958)
('taxvaluedollarcnt', -41.921690944166066, 59, 109, 680000)
('lotsizesquarefeet', -39.996617546398994, 31, 213, 9600)
('landtaxvaluedollarcnt', -30.745156735734049, 42, 109, 470000)
577.833706754
doing 22
('calculatedfinishedsquarefeet', -99.374765873460618, 17, 97, 2000)
('bathroomcnt', -98.382813613092907, 4, 9, 5)
('taxamount', 95.963698757661859, 23, 175, 2800)
('bedroomcnt', -72.915248363075108, 3, 14, 4)
('yearbuilt', -60.184691025074827, 58, 119, 1958)
('taxvaluedollarcnt', -42.537148339226619, 59, 109, 680000)
('lotsizesquarefeet', -40.038952633104941, 31, 213, 9600)
('landtaxvaluedollarcnt', -31.295920576060574, 42, 109, 470000)
577.673592071
doing 23
('calculatedfinishedsquarefeet', -96.593698485978379, 12, 97, 1500)
('taxamount', 96.579864954496486, 23, 175, 2800)
('bathroomcnt', -96.487705579710479, 4, 9, 5)
('bedroomcnt', -71.245460967072162, 3, 14, 4)
('yearbuilt', -59.669921081719423, 58, 119, 1958)
('taxvaluedollarcnt', -41.48721992432209, 59, 109, 680000)
('lotsizesquarefeet', -39.619297094253682, 31, 213, 9600)
('landtaxvaluedollarcnt', -30.563020668972225, 42, 109, 470000)
577.530278923
doing 24
('taxamount', 97.170837814604596, 23, 175, 2800)
('calculatedfinishedsquarefeet', -94.978108210103869, 18, 97, 2100)
('bathroomcnt', -94.949963520059853, 4, 9, 5)
('bedroomcnt', -69.936784609198327, 3, 14, 4)
('yearbuilt', -59.224811046916756, 58, 119, 1958)
('taxvaluedollarcnt', -40.788940187890034, 59, 109, 680000)
('lotsizesquarefeet', -39.461843533772814, 31, 213, 9600)
('landtaxvaluedollarcnt', -30.030395486919574, 42, 109, 470000)
577.381275204
doing 25
('bathroomcnt', -95.830547756061492, 4, 9, 5)
('calculatedfinishedsquarefeet', -95.602593589416301, 18, 97, 2100)
('taxamount', 94.550889808972016, 18, 175, 2300)
('bedroomcnt', -70.349632076950215, 3, 14, 4)
('yearbuilt', -59.511735694633074, 58, 119, 1958)
('taxvaluedollarcnt', -41.39344351723966, 59, 109, 680000)
('lotsizesquarefeet', -39.503425129944105, 31, 213, 9600)
('landtaxvaluedollarcnt', -30.571356693714431, 42, 109, 470000)
577.250101356
doing 26
('taxamount', 95.063557757608621, 18, 175, 2300)
('calculatedfinishedsquarefeet', -94.167822296644985, 18, 97, 2100)
('bathroomcnt', -92.955631323379649, 4, 9, 5)
('bedroomcnt', -69.281101009887649, 3, 14, 4)
('yearbuilt', -58.580935187901098, 58, 119, 1958)
('taxvaluedollarcnt', -40.711184865923698, 59, 109, 680000)
('lotsizesquarefeet', -39.171734376934182, 31, 213, 9600)
('landtaxvaluedollarcnt', -30.129233254378068, 42, 109, 470000)
577.103367251
doing 27
('calculatedfinishedsquarefeet', -94.719388463671081, 18, 97, 2100)
('bathroomcnt', -93.819417302606709, 4, 9, 5)
('taxamount', 92.289028667487329, 23, 175, 2800)
('bedroomcnt', -69.614084687644493, 3, 14, 4)
('yearbuilt', -58.973890629574178, 58, 119, 1958)
('taxvaluedollarcnt', -41.254875763014041, 59, 109, 680000)
('lotsizesquarefeet', -39.243422027697513, 31, 213, 9600)
('landtaxvaluedollarcnt', -30.615414347335356, 42, 109, 470000)
576.975272393
doing 28
('taxamount', 92.881258868964707, 23, 175, 2800)
('bathroomcnt', -91.989968189771886, 4, 9, 5)
('calculatedfinishedsquarefeet', -91.877806809760941, 18, 97, 2100)
('bedroomcnt', -67.991593469043494, 3, 14, 4)
('yearbuilt', -58.48993100579785, 58, 119, 1958)
('taxvaluedollarcnt', -40.187857652071116, 59, 109, 680000)
('lotsizesquarefeet', -38.80912888795887, 31, 213, 9600)
('landtaxvaluedollarcnt', -29.879463553507463, 42, 109, 470000)
576.852839281
doing 29
('bathroomcnt', -92.831679285605418, 4, 9, 5)
('calculatedfinishedsquarefeet', -92.609775906162071, 12, 97, 1500)
('taxamount', 90.629376705814011, 18, 175, 2300)
('bedroomcnt', -68.386215902975934, 3, 14, 4)
('yearbuilt', -58.764189446702396, 58, 119, 1958)
('taxvaluedollarcnt', -40.765675354205101, 59, 109, 680000)
('lotsizesquarefeet', -38.848874876416176, 31, 213, 9600)
('landtaxvaluedollarcnt', -30.396544181979959, 42, 109, 470000)
576.745097287
doing 30
('taxamount', 91.126001505548942, 18, 175, 2300)
('calculatedfinishedsquarefeet', -91.084852111132861, 18, 97, 2100)
('bathroomcnt', -90.046728907037235, 4, 9, 5)
('bedroomcnt', -67.351122859609916, 3, 14, 4)
('yearbuilt', -57.862516899241086, 58, 119, 1958)
('taxvaluedollarcnt', -40.104766929993488, 59, 109, 680000)
('lotsizesquarefeet', -38.527563871455648, 31, 213, 9600)
('landtaxvaluedollarcnt', -29.968256310459093, 42, 109, 470000)
576.622887496
doing 31
('calculatedfinishedsquarefeet', -91.740694728988714, 12, 97, 1500)
('bathroomcnt', -90.874736655750183, 4, 9, 5)
('taxamount', 88.392221460382459, 18, 175, 2300)
('bedroomcnt', -67.670314270454867, 3, 14, 4)
('yearbuilt', -58.239196028596012, 58, 119, 1958)
('taxvaluedollarcnt', -40.625938014639182, 59, 109, 680000)
('lotsizesquarefeet', -38.5962822018599, 31, 213, 9600)
('landtaxvaluedollarcnt', -30.434299661390316, 42, 109, 470000)
576.525880357
doing 32
('calculatedfinishedsquarefeet', -90.314266976706705, 18, 97, 2100)
('bathroomcnt', -89.414252927747938, 4, 9, 5)
('taxamount', 88.967926353550581, 26, 175, 3100)
('bedroomcnt', -66.427387660038676, 3, 14, 4)
('yearbuilt', -57.81644895022874, 58, 119, 1958)
('taxvaluedollarcnt', -39.962740837809442, 59, 109, 680000)
('lotsizesquarefeet', -38.446739330508322, 31, 213, 9600)
('landtaxvaluedollarcnt', -29.928434320301314, 42, 109, 470000)
576.424513317
doing 33
('taxamount', 89.729118247573268, 30, 175, 3500)
('bathroomcnt', -87.669886137835306, 4, 9, 5)
('calculatedfinishedsquarefeet', -87.604838967405541, 18, 97, 2100)
('bedroomcnt', -64.880353758523427, 3, 14, 4)
('yearbuilt', -57.354996871867343, 58, 119, 1958)
('taxvaluedollarcnt', -38.945346615742245, 59, 109, 680000)
('lotsizesquarefeet', -38.032643893399907, 31, 213, 9600)
('landtaxvaluedollarcnt', -29.226710443557945, 42, 109, 470000)
576.333671263
doing 34
('bathroomcnt', -88.492111808527142, 4, 9, 5)
('calculatedfinishedsquarefeet', -88.262816680339952, 18, 97, 2100)
('taxamount', 87.827093420552217, 18, 175, 2300)
('bedroomcnt', -65.321266497610424, 3, 14, 4)
('yearbuilt', -57.542487334302869, 58, 119, 1958)
('taxvaluedollarcnt', -39.592154929240039, 59, 109, 680000)
('lotsizesquarefeet', -38.080488228931081, 31, 213, 9600)
('landtaxvaluedollarcnt', -29.805663767440734, 42, 109, 470000)
576.249090723
doing 35
('taxamount', 88.300502688199103, 18, 175, 2300)
('calculatedfinishedsquarefeet', -86.940409098323144, 22, 97, 2500)
('bathroomcnt', -85.837348454271378, 4, 9, 5)
('bedroomcnt', -64.334560558100705, 3, 14, 4)
('yearbuilt', -56.68296493312841, 58, 119, 1958)
('taxvaluedollarcnt', -38.962141741709651, 59, 109, 680000)
('lotsizesquarefeet', -37.774197428257423, 31, 213, 9600)
('landtaxvaluedollarcnt', -29.397396907415004, 42, 109, 470000)
576.149093031
doing 36
('calculatedfinishedsquarefeet', -87.450242564381639, 18, 97, 2100)
('bathroomcnt', -86.639682576619776, 4, 9, 5)
('taxamount', 85.799714349338728, 26, 175, 3100)
('bedroomcnt', -64.64385495888321, 3, 14, 4)
('yearbuilt', -57.047964559191939, 58, 119, 1958)
('taxvaluedollarcnt', -39.467153132536055, 59, 109, 680000)
('lotsizesquarefeet', -37.840785043409369, 31, 213, 9600)
('landtaxvaluedollarcnt', -29.848989882875586, 42, 109, 470000)
576.064021994
doing 37
('taxamount', 86.468226672020549, 30, 175, 3500)
('calculatedfinishedsquarefeet', -85.695441852916289, 22, 97, 2500)
('bathroomcnt', -84.950632728731904, 4, 9, 5)
('bedroomcnt', -63.145880226079129, 3, 14, 4)
('yearbuilt', -56.601145938663791, 58, 119, 1958)
('taxvaluedollarcnt', -38.482022272465805, 59, 109, 680000)
('lotsizesquarefeet', -37.439821301664409, 31, 213, 9600)
('landtaxvaluedollarcnt', -29.169518905712557, 42, 109, 470000)
575.988497013
doing 38
('calculatedfinishedsquarefeet', -86.441109550631609, 12, 97, 1500)
('bathroomcnt', -85.742977477654648, 4, 9, 5)
('taxamount', 84.742149285359503, 18, 175, 2300)
('bedroomcnt', -63.570769530805848, 3, 14, 4)
('yearbuilt', -56.781822714735341, 58, 119, 1958)
('taxvaluedollarcnt', -39.105324595693304, 59, 109, 680000)
('lotsizesquarefeet', -37.485926901836038, 31, 213, 9600)
('landtaxvaluedollarcnt', -29.727432192053854, 42, 109, 470000)
575.918556216
doing 39
('calculatedfinishedsquarefeet', -85.402158224668511, 22, 97, 2500)
('taxamount', 85.100589223709363, 18, 175, 2300)
('bathroomcnt', -84.366861520585587, 4, 9, 5)
('bedroomcnt', -62.399643068206259, 3, 14, 4)
('yearbuilt', -56.383496468991197, 58, 119, 1958)
('taxvaluedollarcnt', -38.480438333545777, 59, 109, 680000)
('lotsizesquarefeet', -37.345022674293283, 31, 213, 9600)
('landtaxvaluedollarcnt', -29.250789176692749, 42, 109, 470000)
575.829584899
doing 40
('taxamount', 85.591138880403321, 26, 175, 3100)
('calculatedfinishedsquarefeet', -82.840093477928477, 22, 97, 2500)
('bathroomcnt', -82.715975042361691, 4, 9, 5)
('bedroomcnt', -60.902414555619806, 3, 14, 4)
('yearbuilt', -55.962818850807963, 58, 119, 1958)
('taxvaluedollarcnt', -37.281736028985819, 59, 109, 680000)
('lotsizesquarefeet', -36.815229104464478, 31, 213, 9600)
('landtaxvaluedollarcnt', -28.44904973927591, 42, 109, 470000)
575.75959872
doing 41
('taxamount', 83.959344114369031, 18, 175, 2300)
('bathroomcnt', -83.495802078427801, 4, 9, 5)
('calculatedfinishedsquarefeet', -83.267117330444734, 22, 97, 2500)
('bedroomcnt', -61.29336335071708, 3, 14, 4)
('yearbuilt', -56.166593877855831, 58, 119, 1958)
('taxvaluedollarcnt', -37.847588130504064, 59, 109, 680000)
('lotsizesquarefeet', -36.852351921385981, 31, 213, 9600)
('landtaxvaluedollarcnt', -28.955491498975242, 42, 109, 470000)
575.680540406
doing 42
('bathroomcnt', -84.258690676138514, 4, 9, 5)
('calculatedfinishedsquarefeet', -83.782225548799005, 12, 97, 1500)
('taxamount', 81.440563790937944, 18, 175, 2300)
('bedroomcnt', -61.587451767400772, 3, 14, 4)
('yearbuilt', -56.513648857989928, 58, 119, 1958)
('taxvaluedollarcnt', -38.334627649661968, 56, 109, 620000)
('lotsizesquarefeet', -36.915665858726044, 31, 213, 9600)
('landtaxvaluedollarcnt', -29.388794787902615, 34, 109, 390000)
575.620630681
doing 43
('calculatedfinishedsquarefeet', -82.754382103429336, 22, 97, 2500)
('taxamount', 81.891325381216063, 18, 175, 2300)
('bathroomcnt', -81.73092995585435, 4, 9, 5)
('bedroomcnt', -60.64794937734198, 3, 14, 4)
('yearbuilt', -55.695245605432476, 58, 119, 1958)
('taxvaluedollarcnt', -37.727897759991876, 59, 109, 680000)
('lotsizesquarefeet', -36.624027866327879, 31, 213, 9600)
('landtaxvaluedollarcnt', -28.99614703461134, 42, 109, 470000)
575.543656796
doing 44
('taxamount', 82.546642429156009, 30, 175, 3500)
('calculatedfinishedsquarefeet', -80.988935277027792, 12, 97, 1500)
('bathroomcnt', -80.131226935833126, 4, 9, 5)
('bedroomcnt', -59.19714036967283, 3, 14, 4)
('yearbuilt', -55.287610516563703, 58, 119, 1958)
('taxvaluedollarcnt', -36.566359567024186, 59, 109, 680000)
('lotsizesquarefeet', -36.1106598153915, 31, 213, 9600)
('landtaxvaluedollarcnt', -28.2192644226187, 42, 109, 470000)
575.487180342
doing 45
('calculatedfinishedsquarefeet', -81.760420229129608, 12, 97, 1500)
('taxamount', 81.052679092230221, 18, 175, 2300)
('bathroomcnt', -80.887636558040839, 4, 9, 5)
('bedroomcnt', -59.602759715172901, 3, 14, 4)
('yearbuilt', -55.460093078120188, 58, 119, 1958)
('taxvaluedollarcnt', -37.161393326602628, 59, 109, 680000)
('lotsizesquarefeet', -36.154674393206228, 31, 213, 9600)
('landtaxvaluedollarcnt', -28.829000803539671, 34, 109, 390000)
575.43548053
doing 46
('taxamount', 81.391709909149839, 18, 175, 2300)
('calculatedfinishedsquarefeet', -79.998483731205567, 22, 97, 2500)
('bathroomcnt', -79.586035739646974, 4, 9, 5)
('bedroomcnt', -58.495048439584679, 3, 14, 4)
('yearbuilt', -55.08333575270369, 58, 119, 1958)
('taxvaluedollarcnt', -36.570343956063702, 59, 109, 680000)
('lotsizesquarefeet', -36.021399971859246, 31, 213, 9600)
('landtaxvaluedollarcnt', -28.301041397687207, 42, 109, 470000)
575.368762043
doing 47
('calculatedfinishedsquarefeet', -80.358992541639282, 22, 97, 2500)
('bathroomcnt', -80.325593773274406, 4, 9, 5)
('taxamount', 78.94995861187536, 18, 175, 2300)
('bedroomcnt', -58.780143080935808, 3, 14, 4)
('yearbuilt', -55.419777140658347, 58, 119, 1958)
('taxvaluedollarcnt', -37.035842332308583, 59, 109, 680000)
('lotsizesquarefeet', -36.082777650252886, 31, 213, 9600)
('landtaxvaluedollarcnt', -28.907739378884457, 32, 109, 370000)
575.301458297
doing 48
('taxamount', 79.573539157787565, 30, 175, 3500)
('bathroomcnt', -78.772195393789701, 4, 9, 5)
('calculatedfinishedsquarefeet', -78.545056593756655, 12, 97, 1500)
('bedroomcnt', -57.371328861515778, 3, 14, 4)
('yearbuilt', -55.023941364551916, 58, 119, 1958)
('taxvaluedollarcnt', -35.907925760242769, 59, 109, 680000)
('lotsizesquarefeet', -35.584269434400859, 31, 213, 9600)
('landtaxvaluedollarcnt', -28.077894391315031, 32, 109, 370000)
575.253516493
doing 49
('bathroomcnt', -79.501361219567855, 4, 9, 5)
('calculatedfinishedsquarefeet', -79.288754777464192, 12, 97, 1500)
('taxamount', 78.144327919927775, 18, 175, 2300)
('bedroomcnt', -57.76233891259092, 3, 14, 4)
('yearbuilt', -55.190211578120305, 58, 119, 1958)
('taxvaluedollarcnt', -36.525089563250226, 56, 109, 620000)
('lotsizesquarefeet', -35.62669872804851, 31, 213, 9600)
('landtaxvaluedollarcnt', -28.884263428462432, 32, 109, 370000)
575.208547539
doing 50
('taxamount', 78.569639062612751, 18, 175, 2300)
('calculatedfinishedsquarefeet', -77.973120213284005, 12, 97, 1500)
('bathroomcnt', -77.116320382980774, 4, 9, 5)
('bedroomcnt', -56.875881761650788, 3, 14, 4)
('yearbuilt', -54.418016186965652, 58, 119, 1958)
('taxvaluedollarcnt', -35.915523849397054, 59, 109, 680000)
('lotsizesquarefeet', -35.351526906685706, 31, 213, 9600)
('landtaxvaluedollarcnt', -28.421033454937412, 32, 109, 370000)
575.150466034
doing 51
('calculatedfinishedsquarefeet', -78.548343847517273, 12, 97, 1500)
('bathroomcnt', -77.830235938174468, 4, 9, 5)
('taxamount', 76.212549890734351, 18, 175, 2300)
('bedroomcnt', -57.151091400256959, 3, 14, 4)
('yearbuilt', -54.742792241515019, 58, 119, 1958)
('taxvaluedollarcnt', -36.423397862318367, 56, 109, 620000)
('lotsizesquarefeet', -35.41077645486773, 31, 213, 9600)
('landtaxvaluedollarcnt', -29.052176856230172, 32, 109, 370000)
575.10947413
doing 52
('calculatedfinishedsquarefeet', -77.20049742114729, 22, 97, 2500)
('taxamount', 76.658572336565385, 30, 175, 3500)
('bathroomcnt', -76.579770390799808, 4, 9, 5)
('bedroomcnt', -56.08689816452226, 3, 14, 4)
('yearbuilt', -54.380836372636814, 58, 119, 1958)
('taxvaluedollarcnt', -35.797052996178216, 59, 109, 680000)
('lotsizesquarefeet', -35.282737911955465, 31, 213, 9600)
('landtaxvaluedollarcnt', -28.504310566688119, 32, 109, 370000)
575.052177751
doing 53
('taxamount', 77.382545082219721, 30, 175, 3500)
('bathroomcnt', -75.087428043087058, 4, 9, 5)
('calculatedfinishedsquarefeet', -74.886850994952312, 12, 97, 1500)
('bedroomcnt', -54.733457123597645, 3, 14, 4)
('yearbuilt', -54.000558847421871, 58, 119, 1958)
('lotsizesquarefeet', -34.803823467970133, 31, 213, 9600)
('taxvaluedollarcnt', -34.713468973295988, 59, 109, 680000)
('landtaxvaluedollarcnt', -27.707082480614162, 32, 109, 370000)
575.011931745
doing 54
('bathroomcnt', -75.796516868127327, 4, 9, 5)
('taxamount', 75.750271414125393, 18, 175, 2300)
('calculatedfinishedsquarefeet', -75.610072041011293, 12, 97, 1500)
('bedroomcnt', -55.113701024084762, 3, 14, 4)
('yearbuilt', -54.162250942978581, 58, 119, 1958)
('taxvaluedollarcnt', -35.296293407615096, 56, 109, 620000)
('lotsizesquarefeet', -34.845084504782676, 31, 213, 9600)
('landtaxvaluedollarcnt', -28.491248788037421, 32, 109, 370000)
574.975002714
doing 55
('taxamount', 76.155762624668171, 18, 175, 2300)
('calculatedfinishedsquarefeet', -74.509488353967697, 22, 97, 2500)
('bathroomcnt', -73.522621362083513, 4, 9, 5)
('bedroomcnt', -54.268553678638256, 3, 14, 4)
('yearbuilt', -53.42604064301284, 58, 119, 1958)
('taxvaluedollarcnt', -34.731649751503205, 59, 109, 680000)
('lotsizesquarefeet', -34.582735970372653, 31, 213, 9600)
('landtaxvaluedollarcnt', -28.049605802766543, 32, 109, 370000)
574.92480919
doing 56
('calculatedfinishedsquarefeet', -74.913298561178294, 12, 97, 1500)
('bathroomcnt', -74.214603458527463, 4, 9, 5)
('taxamount', 73.977638721999867, 15, 175, 2000)
('bedroomcnt', -54.535308116609045, 3, 14, 4)
('yearbuilt', -53.740838679653002, 58, 119, 1958)
('taxvaluedollarcnt', -35.207987029172379, 56, 109, 620000)
('lotsizesquarefeet', -34.640165208699379, 31, 213, 9600)
('landtaxvaluedollarcnt', -28.661358734616933, 32, 109, 370000)
574.891029785
doing 57
('taxamount', 74.528398177610725, 30, 175, 3500)
('calculatedfinishedsquarefeet', -74.18515355478722, 22, 97, 2500)
('bathroomcnt', -73.022006717432575, 4, 9, 5)
('bedroomcnt', -53.520363412617002, 3, 14, 4)
('yearbuilt', -53.395633335490899, 58, 119, 1958)
('taxvaluedollarcnt', -34.625651258656262, 59, 109, 680000)
('lotsizesquarefeet', -34.51805200907355, 31, 213, 9600)
('landtaxvaluedollarcnt', -28.138846496806448, 32, 109, 370000)
574.856291464
doing 58
('calculatedfinishedsquarefeet', -74.590413564050223, 22, 97, 2500)
('bathroomcnt', -73.704941793291709, 4, 9, 5)
('taxamount', 73.319035023728958, 15, 175, 2000)
('bedroomcnt', -53.886582548857646, 3, 14, 4)
('yearbuilt', -53.551361644336531, 58, 119, 1958)
('taxvaluedollarcnt', -35.232508057444598, 56, 109, 620000)
('lotsizesquarefeet', -34.557791190274202, 31, 213, 9600)
('landtaxvaluedollarcnt', -29.14516917692562, 15, 109, 200000)
574.80739677
doing 59
('taxamount', 73.613917097002115, 15, 175, 2000)
('calculatedfinishedsquarefeet', -72.352701157128649, 22, 97, 2500)
('bathroomcnt', -72.263054284616814, 4, 9, 5)
('yearbuilt', -53.183940982262826, 58, 119, 1958)
('bedroomcnt', -52.578900210667513, 3, 14, 4)
('taxvaluedollarcnt', -34.125106304031839, 56, 109, 620000)
('lotsizesquarefeet', -34.095068440655233, 31, 213, 9600)
('landtaxvaluedollarcnt', -28.494953275037837, 15, 109, 200000)
574.756541101
doing 60
('bathroomcnt', -72.941716555753047, 4, 9, 5)
('calculatedfinishedsquarefeet', -72.674549232854091, 22, 97, 2500)
('taxamount', 71.405499584092055, 15, 175, 2000)
('yearbuilt', -53.561758764972474, 58, 119, 1958)
('bedroomcnt', -52.805980407464098, 3, 14, 4)
('taxvaluedollarcnt', -34.649087370192213, 45, 109, 500000)
('lotsizesquarefeet', -34.190671458799969, 31, 213, 9600)
('landtaxvaluedollarcnt', -29.737987855434511, 15, 109, 200000)
574.726281413
doing 61
('taxamount', 71.933198932082888, 30, 175, 3500)
('calculatedfinishedsquarefeet', -71.908747237937916, 22, 97, 2500)
('bathroomcnt', -70.753465059080426, 4, 9, 5)
('yearbuilt', -52.853277092668769, 58, 119, 1958)
('bedroomcnt', -51.992664694993259, 3, 14, 4)
('taxvaluedollarcnt', -34.022364710113933, 56, 109, 620000)
('lotsizesquarefeet', -33.938204020631943, 31, 213, 9600)
('landtaxvaluedollarcnt', -29.283194656955704, 15, 109, 200000)
574.696009163
doing 62
('calculatedfinishedsquarefeet', -72.299895438870081, 22, 97, 2500)
('bathroomcnt', -71.412619232129956, 4, 9, 5)
('taxamount', 70.872510514410038, 15, 175, 2000)
('yearbuilt', -53.003582690178717, 58, 119, 1958)
('bedroomcnt', -52.34613148918293, 3, 14, 4)
('taxvaluedollarcnt', -34.864581884272283, 45, 109, 500000)
('lotsizesquarefeet', -33.97655941933364, 31, 213, 9600)
('landtaxvaluedollarcnt', -30.779271598978646, 15, 109, 200000)
574.652142527
doing 63
('taxamount', 71.158337365954964, 15, 175, 2000)
('calculatedfinishedsquarefeet', -70.834941912069439, 12, 97, 1500)
('bathroomcnt', -70.015009122054764, 4, 9, 5)
('yearbuilt', -52.647444760641726, 58, 119, 1958)
('bedroomcnt', -51.078605384944147, 3, 14, 4)
('taxvaluedollarcnt', -33.755540241490827, 45, 109, 500000)
('lotsizesquarefeet', -33.528045933268736, 31, 213, 9600)
('landtaxvaluedollarcnt', -30.149022489569866, 15, 109, 200000)
574.606507783
doing 64
('calculatedfinishedsquarefeet', -71.308990005671063, 12, 97, 1500)
('bathroomcnt', -70.671032884292913, 4, 9, 5)
('taxamount', 69.023587244976284, 15, 175, 2000)
('yearbuilt', -53.012659468744914, 58, 119, 1958)
('bedroomcnt', -51.298110743305799, 3, 14, 4)
('taxvaluedollarcnt', -34.460707651027462, 45, 109, 500000)
('lotsizesquarefeet', -33.620459869201355, 31, 213, 9600)
('landtaxvaluedollarcnt', -31.350592484994284, 15, 109, 200000)
574.580283545
doing 65
('calculatedfinishedsquarefeet', -70.121751727086107, 24, 97, 2700)
('bathroomcnt', -69.535815630148335, 4, 9, 5)
('taxamount', 69.425041467607755, 30, 175, 3500)
('yearbuilt', -52.684063012447382, 58, 119, 1958)
('bedroomcnt', -50.331998141893976, 3, 14, 4)
('taxvaluedollarcnt', -33.71289985800955, 45, 109, 500000)
('lotsizesquarefeet', -33.504221910134973, 31, 213, 9600)
('landtaxvaluedollarcnt', -30.905596533705157, 15, 109, 200000)
574.533049676
doing 66
('taxamount', 70.100338762720895, 30, 175, 3500)
('bathroomcnt', -68.20229480291782, 4, 9, 5)
('calculatedfinishedsquarefeet', -68.028944518863696, 12, 97, 1500)
('yearbuilt', -52.342643083719572, 58, 119, 1958)
('bedroomcnt', -49.078764076275661, 3, 14, 4)
('lotsizesquarefeet', 33.303525199239395, 6, 213, 4600)
('taxvaluedollarcnt', -32.567114421128657, 45, 109, 500000)
('landtaxvaluedollarcnt', -30.23527530812164, 15, 109, 200000)
574.50665127
doing 67
('bathroomcnt', -68.84465370692341, 4, 9, 5)
('taxamount', 68.693210139384476, 15, 175, 2000)
('calculatedfinishedsquarefeet', -68.684105708964026, 12, 97, 1500)
('yearbuilt', -52.489118889881418, 58, 119, 1958)
('bedroomcnt', -49.423224525441263, 3, 14, 4)
('taxvaluedollarcnt', -33.478961417715865, 45, 109, 500000)
('lotsizesquarefeet', 33.256298348069443, 6, 213, 4600)
('landtaxvaluedollarcnt', -31.693232162646055, 15, 109, 200000)
574.482496599
doing 68
('taxamount', 69.00490562675455, 15, 175, 2000)
('calculatedfinishedsquarefeet', -67.757279290106311, 24, 97, 2700)
('bathroomcnt', -66.779314095715733, 4, 9, 5)
('yearbuilt', -51.820431920468444, 58, 119, 1958)
('bedroomcnt', -48.655591938447635, 3, 14, 4)
('lotsizesquarefeet', 33.139970396294416, 6, 213, 4600)
('taxvaluedollarcnt', -32.799220130462913, 45, 109, 500000)
('landtaxvaluedollarcnt', -31.263984240661653, 15, 109, 200000)
574.441572108
doing 69
('calculatedfinishedsquarefeet', -68.011658671516358, 24, 97, 2700)
('bathroomcnt', -67.415484915297043, 4, 9, 5)
('taxamount', 67.00881309771799, 30, 175, 3500)
('yearbuilt', -52.174594305355924, 58, 119, 1958)
('bedroomcnt', -48.868454508021252, 3, 14, 4)
('taxvaluedollarcnt', -33.483047385952034, 45, 109, 500000)
('lotsizesquarefeet', 33.235396670286889, 6, 213, 4600)
('landtaxvaluedollarcnt', -32.429191680961743, 15, 109, 200000)
574.398500736
doing 70
('taxamount', 67.663789449646316, 30, 175, 3500)
('calculatedfinishedsquarefeet', -67.026035708831984, 11, 97, 1400)
('bathroomcnt', -66.122092193364693, 4, 9, 5)
('yearbuilt', -51.843448333038182, 58, 119, 1958)
('bedroomcnt', -47.652932570718804, 3, 14, 4)
('lotsizesquarefeet', 33.617009853896384, 6, 213, 4600)
('taxvaluedollarcnt', -32.371740749642818, 45, 109, 500000)
('landtaxvaluedollarcnt', -31.779041659437844, 15, 109, 200000)
574.375113837
doing 71
('calculatedfinishedsquarefeet', -67.646333859387795, 11, 97, 1400)
('bathroomcnt', -66.74212397065557, 4, 9, 5)
('taxamount', 66.400571645862883, 15, 175, 2000)
('yearbuilt', -51.98483292949718, 58, 119, 1958)
('bedroomcnt', -47.985420255050371, 3, 14, 4)
('lotsizesquarefeet', 33.571424514790507, 6, 213, 4600)
('taxvaluedollarcnt', -33.251893745710589, 45, 109, 500000)
('landtaxvaluedollarcnt', -33.186322813458084, 15, 109, 200000)
574.353300576
doing 72
('taxamount', 66.611718999761081, 15, 175, 2000)
('calculatedfinishedsquarefeet', -65.864356554839475, 24, 97, 2700)
('bathroomcnt', -65.716153826403826, 4, 9, 5)
('yearbuilt', -51.685737417300764, 58, 119, 1958)
('bedroomcnt', -47.11568362163419, 3, 14, 4)
('lotsizesquarefeet', 33.839008540070154, 6, 213, 4600)
('landtaxvaluedollarcnt', -32.766247014705002, 15, 109, 200000)
('taxvaluedollarcnt', -32.57552643848814, 45, 109, 500000)
574.316236256
doing 73
('bathroomcnt', -66.33026135230952, 4, 9, 5)
('calculatedfinishedsquarefeet', -66.178073619407769, 12, 97, 1500)
('taxamount', 64.686036826689161, 30, 175, 3500)
('yearbuilt', -52.027616955402287, 58, 119, 1958)
('bedroomcnt', -47.321163819617567, 3, 14, 4)
('lotsizesquarefeet', 33.931125297431755, 6, 213, 4600)
('landtaxvaluedollarcnt', -33.891043431492086, 15, 109, 200000)
('taxvaluedollarcnt', -33.23563760845925, 45, 109, 500000)
574.295615298
doing 74
('calculatedfinishedsquarefeet', -65.550852702229477, 24, 97, 2700)
('taxamount', 65.25535054065702, 30, 175, 3500)
('bathroomcnt', -64.34035351174019, 4, 9, 5)
('yearbuilt', -51.383352236853931, 58, 119, 1958)
('bedroomcnt', -46.581567244194289, 3, 14, 4)
('lotsizesquarefeet', 33.819045956069054, 6, 213, 4600)
('landtaxvaluedollarcnt', -33.47747280084625, 15, 109, 200000)
('taxvaluedollarcnt', -32.580722305560201, 45, 109, 500000)
574.256907248
doing 75
('taxamount', 65.886628459874728, 30, 175, 3500)
('calculatedfinishedsquarefeet', -64.115824046495263, 11, 97, 1400)
('bathroomcnt', -63.093758479982313, 4, 9, 5)
('yearbuilt', -51.064187827716687, 58, 119, 1958)
('bedroomcnt', -45.41002546702228, 3, 14, 4)
('lotsizesquarefeet', 34.186851565822415, 6, 213, 4600)
('landtaxvaluedollarcnt', -32.850846585168973, 15, 109, 200000)
('taxvaluedollarcnt', -31.50962509889516, 45, 109, 500000)
574.236081589
doing 76
('calculatedfinishedsquarefeet', -64.719830326847486, 11, 97, 1400)
('taxamount', 64.390767123619469, 15, 175, 2000)
('bathroomcnt', -63.697505383251425, 4, 9, 5)
('yearbuilt', -51.201859017175771, 58, 119, 1958)
('bedroomcnt', -45.733780502074481, 3, 14, 4)
('landtaxvaluedollarcnt', -34.221166091180599, 15, 109, 200000)
('lotsizesquarefeet', 34.142463506487964, 6, 213, 4600)
('taxvaluedollarcnt', -32.366661246462904, 45, 109, 500000)
574.21718641
doing 77
('taxamount', 64.592779858657821, 15, 175, 2000)
('calculatedfinishedsquarefeet', -63.487242488578637, 24, 97, 2700)
('bathroomcnt', -62.715920574909774, 4, 9, 5)
('yearbuilt', -50.915702921250308, 58, 119, 1958)
('bedroomcnt', -44.901670258513583, 3, 14, 4)
('lotsizesquarefeet', 34.398471359777844, 6, 213, 4600)
('landtaxvaluedollarcnt', -33.819263536103108, 15, 109, 200000)
('taxvaluedollarcnt', -31.719554820073967, 45, 109, 500000)
574.183484422
doing 78
('calculatedfinishedsquarefeet', -63.725357028911148, 24, 97, 2700)
('bathroomcnt', -63.311415073865938, 4, 9, 5)
('taxamount', 62.983447696783919, 30, 175, 3500)
('yearbuilt', -51.24722040907929, 58, 119, 1958)
('bedroomcnt', -45.100922543140854, 3, 14, 4)
('landtaxvaluedollarcnt', -34.909968421464136, 15, 109, 200000)
('lotsizesquarefeet', 34.487796144048495, 6, 213, 4600)
('taxvaluedollarcnt', -32.359658635505248, 45, 109, 500000)
574.147711626
doing 79
('taxamount', 63.597145446367108, 30, 175, 3500)
('calculatedfinishedsquarefeet', -62.30491205826111, 12, 97, 1500)
('bathroomcnt', -62.099535896182324, 4, 9, 5)
('yearbuilt', -50.936944263388483, 58, 119, 1958)
('bedroomcnt', -43.962006496332023, 3, 14, 4)
('lotsizesquarefeet', 34.84535890383809, 6, 213, 4600)
('landtaxvaluedollarcnt', -34.300792832260043, 15, 109, 200000)
('taxvaluedollarcnt', -31.318389924364929, 45, 109, 500000)
574.129006569
doing 80
('calculatedfinishedsquarefeet', -62.899294085980827, 12, 97, 1500)
('bathroomcnt', -62.682303303128656, 4, 9, 5)
('taxamount', 62.152102824386716, 15, 175, 2000)
('yearbuilt', -51.069831540586669, 58, 119, 1958)
('bedroomcnt', -44.274511423879623, 3, 14, 4)
('landtaxvaluedollarcnt', -35.623495343663997, 15, 109, 200000)
('lotsizesquarefeet', 34.802513277471057, 6, 213, 4600)
('taxvaluedollarcnt', -32.145645071634355, 45, 109, 500000)
574.112299836
doing 81
('taxamount', 62.350065305516921, 15, 175, 2000)
('bathroomcnt', -61.680965829210777, 4, 9, 5)
('calculatedfinishedsquarefeet', -61.667113625987739, 24, 97, 2700)
('yearbuilt', -50.779987509159227, 58, 119, 1958)
('bedroomcnt', -43.422335553326192, 3, 14, 4)
('landtaxvaluedollarcnt', -35.230979179783773, 15, 109, 200000)
('lotsizesquarefeet', 35.040871756721693, 6, 213, 4600)
('taxvaluedollarcnt', -31.486028629316575, 45, 109, 500000)
574.081516068
doing 82
('bathroomcnt', -62.255784268365197, 4, 9, 5)
('calculatedfinishedsquarefeet', -61.896960633229419, 24, 97, 2700)
('taxamount', 60.791839458258387, 30, 175, 3500)
('yearbuilt', -51.099994436578861, 58, 119, 1958)
('bedroomcnt', -43.614669634410433, 3, 14, 4)
('landtaxvaluedollarcnt', -36.283813892581712, 15, 109, 200000)
('lotsizesquarefeet', 35.127095110862236, 6, 213, 4600)
('taxvaluedollarcnt', -32.10390751271175, 45, 109, 500000)
574.064965997
doing 83
('calculatedfinishedsquarefeet', -61.372241140460098, 24, 97, 2700)
('taxamount', 61.326181869025469, 30, 175, 3500)
('bathroomcnt', -60.388110740314218, 4, 9, 5)
('yearbuilt', -50.495305045764773, 58, 119, 1958)
('bedroomcnt', -42.920504348363785, 3, 14, 4)
('landtaxvaluedollarcnt', -35.895647715692022, 15, 109, 200000)
('lotsizesquarefeet', 35.021900480921694, 6, 213, 4600)
('taxvaluedollarcnt', -31.489221772295707, 45, 109, 500000)
574.032533677
doing 84
('taxamount', 61.917218279503217, 30, 175, 3500)
('calculatedfinishedsquarefeet', -59.859934293690522, 11, 97, 1400)
('bathroomcnt', -59.220981286772478, 4, 9, 5)
('yearbuilt', -50.196486124674522, 58, 119, 1958)
('bedroomcnt', -41.823643796734643, 3, 14, 4)
('lotsizesquarefeet', 35.366259915529497, 6, 213, 4600)
('landtaxvaluedollarcnt', -35.308966480770792, 15, 109, 200000)
('taxvaluedollarcnt', -30.486402841000707, 45, 109, 500000)
574.015582263
doing 85
('calculatedfinishedsquarefeet', -60.42755157168704, 11, 97, 1400)
('taxamount', 60.2690819762866, 15, 175, 2000)
('bathroomcnt', -59.788354814134834, 4, 9, 5)
('yearbuilt', -50.32586316653866, 58, 119, 1958)
('bedroomcnt', -42.127893864510227, 3, 14, 4)
('landtaxvaluedollarcnt', -36.596729627098114, 15, 109, 200000)
('lotsizesquarefeet', 35.324546062156493, 6, 213, 4600)
('taxvaluedollarcnt', -31.291805932080099, 45, 109, 500000)
574.000415093
doing 86
('taxamount', 60.574945042671771, 30, 175, 3500)
('calculatedfinishedsquarefeet', -59.442251884645465, 24, 97, 2700)
('bathroomcnt', -58.871869614335935, 4, 9, 5)
('yearbuilt', -50.0586852064488, 58, 119, 1958)
('bedroomcnt', -41.350969938687612, 3, 14, 4)
('landtaxvaluedollarcnt', -36.221481619631305, 15, 109, 200000)
('lotsizesquarefeet', 35.563575238829323, 6, 213, 4600)
('taxvaluedollarcnt', -30.687616199883443, 45, 109, 500000)
573.9843866
doing 87
('taxamount', 59.73076763691779, 15, 175, 2000)
('calculatedfinishedsquarefeet', -59.718280063599906, 24, 97, 2700)
('bathroomcnt', -59.426943327168004, 4, 9, 5)
('yearbuilt', -50.185257546396677, 58, 119, 1958)
('bedroomcnt', -41.648624317337735, 3, 14, 4)
('landtaxvaluedollarcnt', -37.481327975528956, 15, 109, 200000)
('lotsizesquarefeet', 35.522765679779376, 6, 213, 4600)
('taxvaluedollarcnt', -31.475559349381761, 45, 109, 500000)
573.956868211
doing 88
('bathroomcnt', -59.977613907131428, 4, 9, 5)
('calculatedfinishedsquarefeet', -59.938471303405684, 24, 97, 2700)
('taxamount', 57.938844607810239, 15, 175, 2000)
('yearbuilt', -50.491821129453804, 58, 119, 1958)
('bedroomcnt', -41.832878531821834, 3, 14, 4)
('landtaxvaluedollarcnt', -38.48993358455386, 15, 109, 200000)
('lotsizesquarefeet', 35.605366830328435, 6, 213, 4600)
('taxvaluedollarcnt', -32.067481424057895, 45, 109, 500000)
573.942229247
doing 89
('calculatedfinishedsquarefeet', -59.432953245658574, 24, 97, 2700)
('taxamount', 58.210394402768372, 15, 175, 2000)
('bathroomcnt', -58.178285489917457, 4, 9, 5)
('yearbuilt', -49.909259569235623, 58, 119, 1958)
('bedroomcnt', -41.164115331686602, 3, 14, 4)
('landtaxvaluedollarcnt', -38.115971849706213, 15, 109, 200000)
('lotsizesquarefeet', 35.504021662585004, 6, 213, 4600)
('taxvaluedollarcnt', -31.475289317795585, 45, 109, 500000)
573.912521503
doing 90
('taxamount', 58.477705589212675, 30, 175, 3500)
('calculatedfinishedsquarefeet', -57.807241899536507, 11, 97, 1400)
('bathroomcnt', -57.048035902237956, 4, 9, 5)
('yearbuilt', -49.61988296124396, 58, 119, 1958)
('bedroomcnt', -40.101914234405839, 3, 14, 4)
('landtaxvaluedollarcnt', -37.547829025568966, 15, 109, 200000)
('lotsizesquarefeet', 35.837499759464414, 6, 213, 4600)
('taxvaluedollarcnt', -30.504158240455492, 45, 109, 500000)
573.897941619
doing 91
('calculatedfinishedsquarefeet', -58.343327934929675, 11, 97, 1400)
('taxamount', 57.751403084717666, 15, 175, 2000)
('bathroomcnt', -57.583891727388838, 4, 9, 5)
('yearbuilt', -49.742073084998907, 58, 119, 1958)
('bedroomcnt', -40.389263155808663, 3, 14, 4)
('landtaxvaluedollarcnt', -38.764056695869471, 15, 109, 200000)
('lotsizesquarefeet', 35.798103118201773, 6, 213, 4600)
('taxvaluedollarcnt', -31.264821043945393, 45, 109, 500000)
573.8844145
doing 92
('taxamount', 57.933512574001753, 15, 175, 2000)
('calculatedfinishedsquarefeet', -57.558264555719092, 24, 97, 2700)
('bathroomcnt', -56.699017275774821, 4, 9, 5)
('yearbuilt', -49.484110434898575, 58, 119, 1958)
('bedroomcnt', -39.639136331110414, 3, 14, 4)
('landtaxvaluedollarcnt', -38.401751472719866, 15, 109, 200000)
('lotsizesquarefeet', 36.028887872472254, 6, 213, 4600)
('taxvaluedollarcnt', -30.681470589332896, 45, 109, 500000)
573.858989185
doing 93
('calculatedfinishedsquarefeet', -57.771830402344499, 24, 97, 2700)
('bathroomcnt', -57.233118581191803, 4, 9, 5)
('taxamount', 56.195507196781719, 15, 175, 2000)
('yearbuilt', -49.781449744209411, 58, 119, 1958)
('bedroomcnt', -39.817846471192766, 3, 14, 4)
('landtaxvaluedollarcnt', -39.380008877477081, 15, 109, 200000)
('lotsizesquarefeet', 36.109003614882461, 6, 213, 4600)
('taxvaluedollarcnt', -31.255582162191313, 45, 109, 500000)
573.831243029
doing 94
('taxamount', 56.45188361203887, 23, 175, 2800)
('calculatedfinishedsquarefeet', -56.157970683861492, 11, 97, 1400)
('bathroomcnt', -56.134458933204186, 4, 9, 5)
('yearbuilt', -49.500161075106952, 58, 119, 1958)
('landtaxvaluedollarcnt', -38.827745375700566, 15, 109, 200000)
('bedroomcnt', -38.785333390585066, 3, 14, 4)
('lotsizesquarefeet', 36.433161157183655, 6, 213, 4600)
('taxvaluedollarcnt', -30.311593737678074, 45, 109, 500000)
573.815075103
doing 95
('bathroomcnt', -56.646038743766248, 4, 9, 5)
('calculatedfinishedsquarefeet', -56.627394918139473, 11, 97, 1400)
('taxamount', 55.457415073931898, 15, 175, 2000)
('yearbuilt', -49.666851382431524, 58, 119, 1958)
('landtaxvaluedollarcnt', -39.902743621010046, 15, 109, 200000)
('bedroomcnt', -39.025179189213588, 3, 14, 4)
('lotsizesquarefeet', 36.429867172926755, 6, 213, 4600)
('taxvaluedollarcnt', -30.973899381513075, 15, 109, 200000)
573.802528593
doing 96
('calculatedfinishedsquarefeet', -55.785273902214414, 24, 97, 2700)
('taxamount', 55.713881098570319, 15, 175, 2000)
('bathroomcnt', -54.946657581453238, 4, 9, 5)
('yearbuilt', -49.116649356024759, 58, 119, 1958)
('landtaxvaluedollarcnt', -39.54955433019127, 15, 109, 200000)
('bedroomcnt', -38.393563763432894, 3, 14, 4)
('lotsizesquarefeet', 36.334151422924123, 6, 213, 4600)
('taxvaluedollarcnt', -30.567544794814676, 15, 109, 200000)
573.77681458
doing 97
('taxamount', 56.011767890189468, 30, 175, 3500)
('calculatedfinishedsquarefeet', -54.98405102413831, 11, 97, 1400)
('bathroomcnt', -53.885776716826655, 4, 9, 5)
('yearbuilt', -48.845033148918532, 58, 119, 1958)
('landtaxvaluedollarcnt', -39.016281098267712, 15, 109, 200000)
('bedroomcnt', -37.396554933901662, 3, 14, 4)
('lotsizesquarefeet', 36.647162403514514, 6, 213, 4600)
('taxvaluedollarcnt', -30.183688155293279, 15, 109, 200000)
573.763939243
doing 98
('calculatedfinishedsquarefeet', -55.49753092696735, 11, 97, 1400)
('taxamount', 55.269582311666099, 15, 175, 2000)
('bathroomcnt', -54.39903611711501, 4, 9, 5)
('yearbuilt', -48.962070655456721, 58, 119, 1958)
('landtaxvaluedollarcnt', -40.181221844216957, 15, 109, 200000)
('bedroomcnt', -37.671786681230685, 3, 14, 4)
('lotsizesquarefeet', 36.609427073377645, 6, 213, 4600)
('taxvaluedollarcnt', -31.19192725937279, 15, 109, 200000)
573.752148333
doing 99
('taxamount', 55.442809094768194, 15, 175, 2000)
('calculatedfinishedsquarefeet', -54.026249235810909, 24, 97, 2700)
('bathroomcnt', -53.557322951563151, 4, 9, 5)
('yearbuilt', -48.716690581013289, 58, 119, 1958)
('landtaxvaluedollarcnt', -39.836588686691613, 15, 109, 200000)
('bedroomcnt', -36.958248593391822, 3, 14, 4)
('lotsizesquarefeet', 36.828954900996344, 6, 213, 4600)
('taxvaluedollarcnt', -30.87767453943902, 15, 109, 200000)
573.729302963
doing 100
('calculatedfinishedsquarefeet', -54.230633364056146, 24, 97, 2700)
('bathroomcnt', -54.068461934818842, 4, 9, 5)
('taxamount', 53.77952482192515, 15, 175, 2000)
('yearbuilt', -49.001246545774386, 58, 119, 1958)
('landtaxvaluedollarcnt', -40.772788411647376, 15, 109, 200000)
('bedroomcnt', -37.129275547216423, 3, 14, 4)
('lotsizesquarefeet', 36.905626271582747, 6, 213, 4600)
('taxvaluedollarcnt', -32.314193582002559, 15, 109, 200000)
573.705214021
doing 101
('taxamount', 54.057885997460794, 30, 175, 3500)
('calculatedfinishedsquarefeet', -53.431002251330682, 11, 97, 1400)
('bathroomcnt', -53.037146012388213, 4, 9, 5)
('yearbuilt', -48.73719981958758, 58, 119, 1958)
('landtaxvaluedollarcnt', -40.254376596120466, 15, 109, 200000)
('lotsizesquarefeet', 37.209914169444048, 6, 213, 4600)
('bedroomcnt', -36.160051655086519, 3, 14, 4)
('taxvaluedollarcnt', -31.94103437301969, 15, 109, 200000)
573.693403807
doing 102
('calculatedfinishedsquarefeet', -53.926570220253517, 11, 97, 1400)
('bathroomcnt', -53.532501170652559, 4, 9, 5)
('taxamount', 53.352323232473722, 15, 175, 2000)
('yearbuilt', -48.85015465790427, 58, 119, 1958)
('landtaxvaluedollarcnt', -41.378680227489184, 15, 109, 200000)
('lotsizesquarefeet', 37.173495176588588, 6, 213, 4600)
('bedroomcnt', -36.425682378422422, 3, 14, 4)
('taxvaluedollarcnt', -32.914102651338737, 15, 109, 200000)
573.682457517
doing 103
('taxamount', 53.520646509689023, 15, 175, 2000)
('bathroomcnt', -52.714614259842506, 4, 9, 5)
('calculatedfinishedsquarefeet', -52.518988634263842, 24, 97, 2700)
('yearbuilt', -48.611720522293105, 58, 119, 1958)
('landtaxvaluedollarcnt', -41.043802551688152, 15, 109, 200000)
('lotsizesquarefeet', 37.386808861245257, 6, 213, 4600)
('bedroomcnt', -35.732342311648914, 3, 14, 4)
('taxvaluedollarcnt', -32.608745438407659, 15, 109, 200000)
573.661330787
doing 104
('bathroomcnt', -53.208032419687015, 4, 9, 5)
('calculatedfinishedsquarefeet', -52.716286910787105, 24, 97, 2700)
('taxamount', 51.947658116781227, 34, 175, 3900)
('yearbuilt', -48.886411135031949, 58, 119, 1958)
('landtaxvaluedollarcnt', -41.947544900965241, 15, 109, 200000)
('lotsizesquarefeet', 37.460822090184536, 6, 213, 4600)
('bedroomcnt', -35.897439883159606, 3, 14, 4)
('taxvaluedollarcnt', -33.995461391960184, 15, 109, 200000)
573.65068583
doing 105
('taxamount', 52.443452280212277, 34, 175, 3900)
('calculatedfinishedsquarefeet', -52.267825902535044, 24, 97, 2700)
('bathroomcnt', -51.611791447096337, 4, 9, 5)
('yearbuilt', -48.36960240651954, 58, 119, 1958)
('landtaxvaluedollarcnt', -41.615791654790677, 15, 109, 200000)
('lotsizesquarefeet', 37.370915596418023, 6, 213, 4600)
('bedroomcnt', -35.304158961898104, 3, 14, 4)
('taxvaluedollarcnt', -33.61376960022271, 15, 109, 200000)
573.640386264
doing 106
('calculatedfinishedsquarefeet', -52.526621560422726, 24, 97, 2700)
('bathroomcnt', -52.099591949470145, 4, 9, 5)
('taxamount', 51.621848034710482, 15, 175, 2000)
('yearbuilt', -48.470080503022487, 58, 119, 1958)
('landtaxvaluedollarcnt', -42.714345436165601, 15, 109, 200000)
('lotsizesquarefeet', 37.324166191690047, 6, 213, 4600)
('bedroomcnt', -35.575949431895467, 3, 14, 4)
('taxvaluedollarcnt', -34.422188232313346, 15, 109, 200000)
573.61803882
doing 107
('taxamount', 51.836407403270073, 15, 175, 2000)
('calculatedfinishedsquarefeet', -51.60795050784661, 11, 97, 1400)
('bathroomcnt', -51.100681595554633, 4, 9, 5)
('yearbuilt', -48.214330540310911, 58, 119, 1958)
('landtaxvaluedollarcnt', -42.21222293533048, 15, 109, 200000)
('lotsizesquarefeet', 37.618892885163824, 6, 213, 4600)
('bedroomcnt', -34.637180079019551, 3, 14, 4)
('taxvaluedollarcnt', -34.060754272646165, 15, 109, 200000)
573.598353141
doing 108
('calculatedfinishedsquarefeet', -51.93973712649148, 11, 97, 1400)
('bathroomcnt', -51.578572398858732, 4, 9, 5)
('taxamount', 50.379188753874061, 34, 175, 3900)
('yearbuilt', -48.480376925030953, 58, 119, 1958)
('landtaxvaluedollarcnt', -43.087525452392427, 15, 109, 200000)
('lotsizesquarefeet', 37.690576994731401, 6, 213, 4600)
('taxvaluedollarcnt', -35.40383171674894, 15, 109, 200000)
('bedroomcnt', -34.797082201587656, 3, 14, 4)
573.588411657
doing 109
('taxamount', 50.873757084885604, 34, 175, 3900)
('calculatedfinishedsquarefeet', -50.823052706380487, 24, 97, 2700)
('bathroomcnt', -50.790819145255412, 4, 9, 5)
('yearbuilt', -48.250727491086899, 58, 119, 1958)
('landtaxvaluedollarcnt', -42.764985777059934, 15, 109, 200000)
('lotsizesquarefeet', 37.89603149816633, 6, 213, 4600)
('taxvaluedollarcnt', -35.10972487285845, 15, 109, 200000)
('bedroomcnt', -34.129287074614162, 3, 14, 4)
573.578838806
doing 110
('bathroomcnt', -51.264019195684057, 4, 9, 5)
('calculatedfinishedsquarefeet', -51.074102300973394, 24, 97, 2700)
('taxamount', 49.925343044191358, 15, 175, 2000)
('yearbuilt', -48.34819815809275, 58, 119, 1958)
('landtaxvaluedollarcnt', -43.830658531014691, 15, 109, 200000)
('lotsizesquarefeet', 37.850681358986208, 6, 213, 4600)
('taxvaluedollarcnt', -35.893946569251085, 15, 109, 200000)
('bedroomcnt', -34.392942531061834, 3, 14, 4)
573.569146596
doing 111
('calculatedfinishedsquarefeet', -50.642026302481213, 24, 97, 2700)
('taxamount', 50.157441872311985, 15, 175, 2000)
('bathroomcnt', -49.726098619813584, 4, 9, 5)
('yearbuilt', -47.850271597494157, 58, 119, 1958)
('landtaxvaluedollarcnt', -43.511026249821278, 15, 109, 200000)
('lotsizesquarefeet', 37.76405969656669, 6, 213, 4600)
('taxvaluedollarcnt', -35.526200301467227, 15, 109, 200000)
('bedroomcnt', -33.821337772290065, 3, 14, 4)
573.548511181
doing 112
('taxamount', 50.39009555415614, 34, 175, 3900)
('calculatedfinishedsquarefeet', -49.379110958751497, 11, 97, 1400)
('bathroomcnt', -48.763028029815274, 4, 9, 5)
('yearbuilt', -47.603697651678843, 58, 119, 1958)
('landtaxvaluedollarcnt', -43.026919331482482, 15, 109, 200000)
('lotsizesquarefeet', 38.048211932510036, 6, 213, 4600)
('taxvaluedollarcnt', -35.177734179940217, 15, 109, 200000)
('bedroomcnt', -32.916250392824331, 3, 14, 4)
573.539207589
doing 113
('calculatedfinishedsquarefeet', -49.861444660303022, 11, 97, 1400)
('taxamount', 49.851134833323563, 15, 175, 2000)
('bathroomcnt', -49.231729323441954, 4, 9, 5)
('yearbuilt', -47.700241656006263, 58, 119, 1958)
('landtaxvaluedollarcnt', -44.082460635649284, 15, 109, 200000)
('lotsizesquarefeet', 38.003292941312509, 6, 213, 4600)
('taxvaluedollarcnt', -35.954500207873515, 15, 109, 200000)
('bedroomcnt', -33.177399252375032, 3, 14, 4)
573.530162203
doing 114
('taxamount', 50.006769462739697, 15, 175, 2000)
('calculatedfinishedsquarefeet', -49.065327348210069, 24, 97, 2700)
('bathroomcnt', -48.475496861870951, 4, 9, 5)
('yearbuilt', -47.479781307622424, 58, 119, 1958)
('landtaxvaluedollarcnt', -43.772826912760422, 15, 109, 200000)
('lotsizesquarefeet', 38.200526483875166, 6, 213, 4600)
('taxvaluedollarcnt', -35.67216161834331, 15, 109, 200000)
('bedroomcnt', -32.536324968789017, 3, 14, 4)
573.512028346
doing 115
('calculatedfinishedsquarefeet', -49.249672083801244, 24, 97, 2700)
('bathroomcnt', -48.936519846031047, 4, 9, 5)
('taxamount', 48.506566378857499, 15, 175, 2000)
('yearbuilt', -47.736437215960919, 58, 119, 1958)
('landtaxvaluedollarcnt', -44.617234412692866, 15, 109, 200000)
('lotsizesquarefeet', 38.269680403308655, 6, 213, 4600)
('taxvaluedollarcnt', -36.967833280064553, 15, 109, 200000)
('bedroomcnt', -32.690583124020762, 3, 14, 4)
573.492597363
doing 116
('taxamount', 48.863668880736959, 34, 175, 3900)
('bathroomcnt', -47.999927963477447, 4, 9, 5)
('calculatedfinishedsquarefeet', -47.998684702203498, 11, 97, 1400)
('yearbuilt', -47.496642585641851, 58, 119, 1958)
('landtaxvaluedollarcnt', -44.146437552407747, 15, 109, 200000)
('lotsizesquarefeet', 38.54602014450505, 6, 213, 4600)
('taxvaluedollarcnt', -36.628947902236014, 15, 109, 200000)
('bedroomcnt', -31.810380258921544, 3, 14, 4)
573.48392648
doing 117
('calculatedfinishedsquarefeet', -48.466407456515412, 11, 97, 1400)
('bathroomcnt', -48.45443126544339, 4, 9, 5)
('taxamount', 48.210116881616983, 15, 175, 2000)
('yearbuilt', -47.590262060024521, 58, 119, 1958)
('landtaxvaluedollarcnt', -45.170004192032614, 15, 109, 200000)
('lotsizesquarefeet', 38.502461848213009, 6, 213, 4600)
('taxvaluedollarcnt', -37.382183981059136, 15, 109, 200000)
('bedroomcnt', -32.063618345917213, 3, 14, 4)
573.475455263
doing 118
('taxamount', 48.361397122593033, 15, 175, 2000)
('bathroomcnt', -47.719356883542879, 4, 9, 5)
('calculatedfinishedsquarefeet', -47.715775390545495, 24, 97, 2700)
('yearbuilt', -47.375969811864287, 58, 119, 1958)
('landtaxvaluedollarcnt', -44.869033486549753, 15, 109, 200000)
('lotsizesquarefeet', 38.694177136509552, 6, 213, 4600)
('taxvaluedollarcnt', -37.107744738191379, 15, 109, 200000)
('bedroomcnt', -31.440480214845273, 3, 14, 4)
573.458561565
doing 119
('bathroomcnt', -48.165210832101145, 4, 9, 5)
('calculatedfinishedsquarefeet', -47.8940546327593, 24, 97, 2700)
('yearbuilt', -47.624180972880481, 58, 119, 1958)
('taxamount', 46.91055520891527, 15, 175, 2000)
('landtaxvaluedollarcnt', -45.685657453189975, 15, 109, 200000)
('lotsizesquarefeet', 38.761055685078858, 6, 213, 4600)
('taxvaluedollarcnt', -38.360784925473972, 15, 109, 200000)
('bedroomcnt', -31.589662815215299, 3, 14, 4)
573.450176296
doing 120
('calculatedfinishedsquarefeet', -47.488096772072844, 24, 97, 2700)
('taxamount', 47.303396765652373, 34, 175, 3900)
('yearbuilt', -47.156353086062069, 58, 119, 1958)
('bathroomcnt', -46.720254507138122, 4, 9, 5)
('landtaxvaluedollarcnt', -45.385346309936409, 15, 109, 200000)
('lotsizesquarefeet', 38.679670130482833, 6, 213, 4600)
('taxvaluedollarcnt', -38.01526819076544, 15, 109, 200000)
('bedroomcnt', -31.052610431285263, 3, 14, 4)
573.432189859
doing 121
('taxamount', 47.833088594599637, 34, 175, 3900)
('yearbuilt', -46.925135493574608, 58, 119, 1958)
('calculatedfinishedsquarefeet', -46.063453868910614, 24, 97, 2700)
('bathroomcnt', -45.817162891036389, 4, 9, 5)
('landtaxvaluedollarcnt', -44.931389036410536, 15, 109, 200000)
('lotsizesquarefeet', 38.946125678645146, 6, 213, 4600)
('taxvaluedollarcnt', -37.688504154863281, 15, 109, 200000)
('bedroomcnt', -30.203890895330574, 3, 14, 4)
573.423966637
doing 122
('yearbuilt', -47.016780446049552, 58, 119, 1958)
('taxamount', 46.835474327097131, 15, 175, 2000)
('calculatedfinishedsquarefeet', -46.38174469544991, 11, 97, 1400)
('bathroomcnt', -46.262080295059782, 4, 9, 5)
('landtaxvaluedollarcnt', -45.933367702301425, 15, 109, 200000)
('lotsizesquarefeet', 38.903486067390155, 6, 213, 4600)
('taxvaluedollarcnt', -38.425853783253544, 15, 109, 200000)
('bedroomcnt', -30.451787955216876, 3, 14, 4)
573.415532692
doing 123
('taxamount', 46.961425155067573, 15, 175, 2000)
('calculatedfinishedsquarefeet', -46.191666272892398, 24, 97, 2700)
('landtaxvaluedollarcnt', -45.910501242453194, 15, 109, 200000)
('bathroomcnt', -45.776719511020403, 4, 9, 5)
('yearbuilt', -45.746641791005025, 79, 119, 1979)
('lotsizesquarefeet', 38.630614074915918, 6, 213, 4600)
('taxvaluedollarcnt', -38.237210946713404, 15, 109, 200000)
('bedroomcnt', -30.317952828960681, 3, 14, 4)
573.399673579
doing 124
('landtaxvaluedollarcnt', -46.703485473078175, 15, 109, 200000)
('calculatedfinishedsquarefeet', -46.459829921703829, 11, 97, 1400)
('bathroomcnt', -46.209666821914567, 4, 9, 5)
('yearbuilt', -46.146893137411624, 79, 119, 1979)
('taxamount', 45.552582400415567, 15, 175, 2000)
('taxvaluedollarcnt', -39.45397796488281, 15, 109, 200000)
('lotsizesquarefeet', 38.695556614626987, 6, 213, 4600)
('bedroomcnt', -30.462816872155209, 3, 14, 4)
573.392155174
doing 125
('taxamount', 46.459693827263202, 34, 175, 3900)
('calculatedfinishedsquarefeet', -46.179324018478283, 11, 97, 1400)
('yearbuilt', -46.087812733726651, 79, 119, 1979)
('bathroomcnt', -45.929995793214651, 4, 9, 5)
('landtaxvaluedollarcnt', -45.302380908885752, 15, 109, 200000)
('taxvaluedollarcnt', -38.772767920667661, 15, 109, 200000)
('lotsizesquarefeet', 38.671112229545152, 6, 213, 4600)
('bedroomcnt', -30.317965455315413, 3, 14, 4)
573.38444311
doing 126
('calculatedfinishedsquarefeet', -46.624035937561068, 11, 97, 1400)
('bathroomcnt', -46.362138625230791, 4, 9, 5)
('yearbuilt', -46.280427401579416, 79, 119, 1979)
('landtaxvaluedollarcnt', -46.275590530227205, 15, 109, 200000)
('taxamount', 45.451403620324605, 15, 175, 2000)
('taxvaluedollarcnt', -39.488946594994928, 15, 109, 200000)
('lotsizesquarefeet', 38.629696896727943, 6, 213, 4600)
('bedroomcnt', -30.558744837148971, 3, 14, 4)
573.376730659
doing 127
('calculatedfinishedsquarefeet', -46.11778760964453, 24, 97, 2700)
('yearbuilt', -46.114433748132072, 79, 119, 1979)
('landtaxvaluedollarcnt', -45.986060735777805, 15, 109, 200000)
('bathroomcnt', -45.655006898389679, 4, 9, 5)
('taxamount', 45.596933189402705, 15, 175, 2000)
('taxvaluedollarcnt', -39.224939712833844, 15, 109, 200000)
('lotsizesquarefeet', 38.814124440678633, 6, 213, 4600)
('bedroomcnt', -29.959294286925498, 3, 14, 4)
573.359855627
doing 128
('taxamount', 46.02426254925669, 34, 175, 3900)
('yearbuilt', -45.750770420028275, 79, 119, 1979)
('landtaxvaluedollarcnt', -45.545202782998508, 15, 109, 200000)
('bathroomcnt', -44.777974754032932, 4, 9, 5)
('calculatedfinishedsquarefeet', -44.734253981355167, 24, 97, 2700)
('lotsizesquarefeet', 39.072891188829033, 6, 213, 4600)
('taxvaluedollarcnt', -38.907604729321314, 15, 109, 200000)
('bedroomcnt', -29.135065270395735, 3, 14, 4)
573.352320747
doing 129
('landtaxvaluedollarcnt', -46.50929125277225, 15, 109, 200000)
('yearbuilt', -45.941579857495839, 79, 119, 1979)
('taxamount', 45.31660691460619, 15, 175, 2000)
('bathroomcnt', -45.206067440856046, 4, 9, 5)
('calculatedfinishedsquarefeet', -45.022553674359827, 11, 97, 1400)
('taxvaluedollarcnt', -39.617071207123971, 15, 109, 200000)
('lotsizesquarefeet', 39.031864010341124, 6, 213, 4600)
('bedroomcnt', -29.373588010712513, 3, 14, 4)
573.344925394
doing 130
('yearbuilt', -45.882745111555948, 79, 119, 1979)
('taxamount', 45.687022904684738, 15, 175, 2000)
('landtaxvaluedollarcnt', -45.114012515189025, 15, 109, 200000)
('bathroomcnt', -44.927559291046457, 4, 9, 5)
('calculatedfinishedsquarefeet', -44.772124813223897, 24, 97, 2700)
('lotsizesquarefeet', 39.007521265602719, 6, 213, 4600)
('taxvaluedollarcnt', -38.93869365072127, 15, 109, 200000)
('bedroomcnt', -29.229338889561522, 3, 14, 4)
573.337229273
doing 131
('taxamount', 45.884708306447024, 15, 175, 2000)
('landtaxvaluedollarcnt', -45.051803904034784, 15, 109, 200000)
('yearbuilt', -44.800196247075633, 58, 119, 1958)
('calculatedfinishedsquarefeet', -44.607062458234076, 24, 97, 2700)
('bathroomcnt', -44.357347990323404, 4, 9, 5)
('lotsizesquarefeet', 38.704703560897798, 6, 213, 4600)
('taxvaluedollarcnt', -38.695327517779532, 15, 109, 200000)
('bedroomcnt', -29.201040447030593, 3, 14, 4)
573.322175355
doing 132
('landtaxvaluedollarcnt', -45.826606840566093, 15, 109, 200000)
('yearbuilt', -45.03569599272533, 58, 119, 1958)
('calculatedfinishedsquarefeet', -44.867570793688941, 11, 97, 1400)
('taxamount', 44.823832739834586, 34, 175, 3900)
('bathroomcnt', -44.780368820863444, 4, 9, 5)
('taxvaluedollarcnt', -39.884196882822316, 15, 109, 200000)
('lotsizesquarefeet', 38.768157118396992, 6, 213, 4600)
('bedroomcnt', -29.342583092811211, 3, 14, 4)
573.31501977
doing 133
('taxamount', 45.747426940776414, 34, 175, 3900)
('yearbuilt', -45.015555745518228, 58, 119, 1958)
('calculatedfinishedsquarefeet', -44.592331513079245, 11, 97, 1400)
('landtaxvaluedollarcnt', -44.557571615250296, 13, 109, 180000)
('bathroomcnt', -44.505948739640296, 4, 9, 5)
('taxvaluedollarcnt', -39.215776859008756, 15, 109, 200000)
('lotsizesquarefeet', 38.744171687475571, 6, 213, 4600)
('bedroomcnt', -29.200451325501405, 3, 14, 4)
573.30762211
doing 134
('landtaxvaluedollarcnt', -45.510562781841941, 13, 109, 180000)
('yearbuilt', -45.103204711767752, 58, 119, 1958)
('calculatedfinishedsquarefeet', -45.03022561766744, 11, 97, 1400)
('bathroomcnt', -44.931466452028573, 4, 9, 5)
('taxamount', 44.471120178780389, 30, 175, 3500)
('taxvaluedollarcnt', -39.920975901045956, 15, 109, 200000)
('lotsizesquarefeet', 38.703391287171449, 6, 213, 4600)
('bedroomcnt', -29.437539353249228, 3, 14, 4)
573.300558149
doing 135
('taxamount', 45.345308949101451, 30, 175, 3500)
('yearbuilt', -45.078828044903105, 58, 119, 1958)
('calculatedfinishedsquarefeet', -44.774597992749719, 11, 97, 1400)
('bathroomcnt', -44.669447380755336, 4, 9, 5)
('landtaxvaluedollarcnt', -44.152271051771798, 15, 109, 200000)
('taxvaluedollarcnt', -39.19889093448819, 15, 109, 200000)
('lotsizesquarefeet', 38.66522749463681, 6, 213, 4600)
('bedroomcnt', -29.306773462584864, 3, 14, 4)
573.292807468
doing 136
('calculatedfinishedsquarefeet', -45.190294652754837, 11, 97, 1400)
('yearbuilt', -45.173577810755994, 58, 119, 1958)
('landtaxvaluedollarcnt', -45.110479857800989, 13, 109, 180000)
('bathroomcnt', -45.084965529061755, 4, 9, 5)
('taxamount', 44.25751899695841, 15, 175, 2000)
('taxvaluedollarcnt', -40.015128582238916, 15, 109, 200000)
('lotsizesquarefeet', 38.634678196376726, 6, 213, 4600)
('bedroomcnt', -29.529592150252395, 3, 14, 4)
573.285645612
doing 137
('yearbuilt', -45.007372759886721, 79, 119, 1979)
('landtaxvaluedollarcnt', -44.848853703271899, 13, 109, 180000)
('calculatedfinishedsquarefeet', -44.568599808559156, 24, 97, 2700)
('taxamount', 44.485602520769909, 34, 175, 3900)
('bathroomcnt', -44.39957889421413, 4, 9, 5)
('taxvaluedollarcnt', -39.759240207170073, 15, 109, 200000)
('lotsizesquarefeet', 38.813434386947108, 6, 213, 4600)
('bedroomcnt', -28.948575375329021, 3, 14, 4)
573.278291556
doing 138
('landtaxvaluedollarcnt', -44.779399147948439, 13, 109, 180000)
('taxamount', 44.678016699546724, 34, 175, 3900)
('calculatedfinishedsquarefeet', -44.406686589949572, 24, 97, 2700)
('yearbuilt', -44.235488125106436, 58, 119, 1958)
('bathroomcnt', -43.840246349896027, 4, 9, 5)
('taxvaluedollarcnt', -39.520517126504103, 15, 109, 200000)
('lotsizesquarefeet', 38.516393979255497, 6, 213, 4600)
('bedroomcnt', -28.920816823646458, 3, 14, 4)
573.271476667
doing 139
('taxamount', 45.578310353914205, 34, 175, 3900)
('calculatedfinishedsquarefeet', -44.233416315606028, 24, 97, 2700)
('yearbuilt', -44.21150308891464, 58, 119, 1958)
('bathroomcnt', -43.582436824815815, 4, 9, 5)
('landtaxvaluedollarcnt', -43.516101997055458, 15, 109, 200000)
('taxvaluedollarcnt', -38.810033033147079, 15, 109, 200000)
('lotsizesquarefeet', 38.47884331860778, 6, 213, 4600)
('bedroomcnt', -28.792151791726983, 3, 14, 4)
573.264174794
doing 140
('taxamount', 44.516412014098279, 15, 175, 2000)
('landtaxvaluedollarcnt', -44.47084892943586, 15, 109, 200000)
('calculatedfinishedsquarefeet', -44.458334170945221, 24, 97, 2700)
('yearbuilt', -44.298828039257579, 58, 119, 1958)
('bathroomcnt', -44.00638150658834, 4, 9, 5)
('taxvaluedollarcnt', -39.512625133919528, 15, 109, 200000)
('lotsizesquarefeet', 38.438213673058002, 6, 213, 4600)
('bedroomcnt', -29.028363365415633, 3, 14, 4)
573.250061893
doing 141
('landtaxvaluedollarcnt', -45.222547001089829, 15, 109, 200000)
('calculatedfinishedsquarefeet', -44.622439276921298, 24, 97, 2700)
('yearbuilt', -44.52730510914634, 58, 119, 1958)
('bathroomcnt', -44.416787724213144, 4, 9, 5)
('taxamount', 43.286174538114459, 34, 175, 3900)
('taxvaluedollarcnt', -40.666042044227048, 15, 109, 200000)
('lotsizesquarefeet', 38.499775025710164, 6, 213, 4600)
('bedroomcnt', -29.16568516541604, 3, 14, 4)
573.243151711
doing 142
('yearbuilt', -44.507430339035132, 58, 119, 1958)
('calculatedfinishedsquarefeet', -44.438427388650489, 24, 97, 2700)
('taxamount', 44.197594454219846, 34, 175, 3900)
('bathroomcnt', -44.145984889861303, 4, 9, 5)
('landtaxvaluedollarcnt', -43.954949020142209, 13, 109, 180000)
('taxvaluedollarcnt', -40.006432746760616, 15, 109, 200000)
('lotsizesquarefeet', 38.476105756873388, 6, 213, 4600)
('bedroomcnt', -29.025426896898075, 3, 14, 4)
573.235755786
doing 143
('calculatedfinishedsquarefeet', -44.336350310366356, 24, 97, 2700)
('taxamount', 44.288385923259696, 34, 175, 3900)
('landtaxvaluedollarcnt', -43.928649773437385, 13, 109, 180000)
('bathroomcnt', -43.686528477065842, 4, 9, 5)
('yearbuilt', -43.34982956980302, 79, 119, 1979)
('taxvaluedollarcnt', -39.827858037335254, 15, 109, 200000)
('lotsizesquarefeet', 38.219846152402205, 7, 213, 4800)
('bedroomcnt', -28.898734735030434, 3, 14, 4)
573.22026795
doing 144
('taxamount', 44.782922535191403, 34, 175, 3900)
('landtaxvaluedollarcnt', -43.526863760833564, 13, 109, 180000)
('calculatedfinishedsquarefeet', -43.037479603368737, 11, 97, 1400)
('yearbuilt', -43.000213824001889, 79, 119, 1979)
('bathroomcnt', -42.843374318961317, 4, 9, 5)
('taxvaluedollarcnt', -39.522781065433776, 15, 109, 200000)
('lotsizesquarefeet', 38.471094217951169, 7, 213, 4800)
('bedroomcnt', -28.106344026218771, 3, 14, 4)
573.213240511
doing 145
('landtaxvaluedollarcnt', -44.459762777109276, 13, 109, 180000)
('taxamount', 43.474992113275341, 26, 175, 3100)
('calculatedfinishedsquarefeet', -43.466141477396704, 11, 97, 1400)
('bathroomcnt', -43.259920735351166, 4, 9, 5)
('yearbuilt', -43.185876858753318, 79, 119, 1979)
('taxvaluedollarcnt', -40.213112220283811, 15, 109, 200000)
('lotsizesquarefeet', 38.43256001188724, 7, 213, 4800)
('bedroomcnt', -28.33843346797903, 3, 14, 4)
573.206556414
doing 146
('taxamount', 44.333302196896689, 34, 175, 3900)
('calculatedfinishedsquarefeet', -43.216416075898181, 11, 97, 1400)
('landtaxvaluedollarcnt', -43.129696760544711, 15, 109, 200000)
('yearbuilt', -43.121663181382047, 79, 119, 1979)
('bathroomcnt', -43.003951460531837, 4, 9, 5)
('taxvaluedollarcnt', -39.507699578564385, 15, 109, 200000)
('lotsizesquarefeet', 38.393346855708771, 7, 213, 4800)
('bedroomcnt', -28.210686849987379, 3, 14, 4)
573.199676061
doing 147
('landtaxvaluedollarcnt', -44.058364013589191, 15, 109, 200000)
('calculatedfinishedsquarefeet', -43.640774186663137, 11, 97, 1400)
('bathroomcnt', -43.416315752798141, 4, 9, 5)
('taxamount', 43.357395320705365, 18, 175, 2300)
('yearbuilt', -43.305462160110039, 79, 119, 1979)
('taxvaluedollarcnt', -40.191099811763706, 15, 109, 200000)
('lotsizesquarefeet', 38.355199532898268, 7, 213, 4800)
('bedroomcnt', -28.440446114809294, 3, 14, 4)
573.193138706
doing 148
('taxamount', 44.022481871064713, 30, 175, 3500)
('calculatedfinishedsquarefeet', -43.376155153049623, 11, 97, 1400)
('yearbuilt', -43.249727863081674, 79, 119, 1979)
('bathroomcnt', -43.152484309348111, 4, 9, 5)
('landtaxvaluedollarcnt', -42.835591688411775, 13, 109, 180000)
('taxvaluedollarcnt', -39.548471112990427, 15, 109, 200000)
('lotsizesquarefeet', 38.330881889557318, 7, 213, 4800)
('bedroomcnt', -28.303798573702636, 3, 14, 4)
573.185893391
doing 149
('calculatedfinishedsquarefeet', -43.779724984263723, 11, 97, 1400)
('landtaxvaluedollarcnt', -43.772667550599628, 13, 109, 180000)
('bathroomcnt', -43.555880836460844, 4, 9, 5)
('yearbuilt', -43.448713986063652, 79, 119, 1979)
('taxamount', 43.141792847732475, 15, 175, 2000)
('taxvaluedollarcnt', -40.3408972290176, 15, 109, 200000)
('lotsizesquarefeet', 38.303571639303229, 7, 213, 4800)
('bedroomcnt', -28.520117127169613, 3, 14, 4)
573.179227422
doing 150
('landtaxvaluedollarcnt', -43.519207793764906, 13, 109, 180000)
('taxamount', 43.32135433267014, 18, 175, 2300)
('yearbuilt', -43.292846816889536, 79, 119, 1979)
('calculatedfinishedsquarefeet', -43.026555099847918, 24, 97, 2700)
('bathroomcnt', -42.891887857169806, 4, 9, 5)
('taxvaluedollarcnt', -40.092996152619037, 15, 109, 200000)
('lotsizesquarefeet', 38.477200079314088, 7, 213, 4800)
('bedroomcnt', -27.957236207431194, 3, 14, 4)
573.17283779
doing 151
('taxamount', 43.994511998669616, 26, 175, 3100)
('yearbuilt', -43.229991592431148, 79, 119, 1979)
('calculatedfinishedsquarefeet', -42.858161034337456, 24, 97, 2700)
('bathroomcnt', -42.641333662458322, 4, 9, 5)
('landtaxvaluedollarcnt', -42.213631559951978, 13, 109, 180000)
('taxvaluedollarcnt', -39.402506653400621, 15, 109, 200000)
('lotsizesquarefeet', 38.438816485129493, 7, 213, 4800)
('bedroomcnt', -27.832192094146102, 3, 14, 4)
573.164817532
doing 152
('yearbuilt', -43.453214146159553, 79, 119, 1979)
('landtaxvaluedollarcnt', -43.141339420095868, 13, 109, 180000)
('bathroomcnt', -43.042170832565802, 4, 9, 5)
('calculatedfinishedsquarefeet', -43.042169641465001, 24, 97, 2700)
('taxamount', 43.016541658036928, 15, 175, 2000)
('taxvaluedollarcnt', -40.332212550859893, 15, 109, 200000)
('lotsizesquarefeet', 38.423530184190618, 7, 213, 4800)
('bedroomcnt', -28.033142819673923, 3, 14, 4)
573.158019987
doing 153
('taxamount', 43.20375944710905, 15, 175, 2000)
('landtaxvaluedollarcnt', -43.074283213949528, 13, 109, 180000)
('calculatedfinishedsquarefeet', -42.885847480674485, 24, 97, 2700)
('bathroomcnt', -42.502152712494002, 4, 9, 5)
('yearbuilt', -42.35095772511017, 58, 119, 1958)
('taxvaluedollarcnt', -40.10173286476163, 15, 109, 200000)
('lotsizesquarefeet', 38.136347776879909, 7, 213, 4800)
('bedroomcnt', -28.006342804105827, 3, 14, 4)
573.144771114
doing 154
('landtaxvaluedollarcnt', -43.865688605051567, 13, 109, 180000)
('calculatedfinishedsquarefeet', -43.045113629985487, 24, 97, 2700)
('bathroomcnt', -42.900457308476277, 4, 9, 5)
('yearbuilt', -42.572697706389995, 58, 119, 1958)
('taxamount', 42.173698244251483, 34, 175, 3900)
('taxvaluedollarcnt', -41.221139045101829, 15, 109, 200000)
('lotsizesquarefeet', 38.198038590349483, 7, 213, 4800)
('bedroomcnt', -28.139615405055299, 3, 14, 4)
573.138290701
doing 155
('taxamount', 43.055621669912256, 34, 175, 3900)
('calculatedfinishedsquarefeet', -42.875378884913204, 24, 97, 2700)
('bathroomcnt', -42.647908311353248, 4, 9, 5)
('landtaxvaluedollarcnt', -42.549717946899996, 13, 109, 180000)
('yearbuilt', -42.549202077846743, 58, 119, 1958)
('taxvaluedollarcnt', -40.525152171873103, 15, 109, 200000)
('lotsizesquarefeet', 38.159349402852705, 7, 213, 4800)
('bedroomcnt', -28.013575745481219, 3, 14, 4)
573.131824024
doing 156
('landtaxvaluedollarcnt', -43.446634557678053, 13, 109, 180000)
('calculatedfinishedsquarefeet', -43.087847886310975, 24, 97, 2700)
('bathroomcnt', -43.048388313477815, 4, 9, 5)
('yearbuilt', -42.632988817538127, 79, 119, 1979)
('taxamount', 41.871323307035013, 18, 175, 2300)
('taxvaluedollarcnt', -41.188856891162452, 15, 109, 200000)
('lotsizesquarefeet', 38.122301481374713, 7, 213, 4800)
('bedroomcnt', -28.236713375459654, 3, 14, 4)
573.125470506
doing 157
('calculatedfinishedsquarefeet', -42.919734637085782, 24, 97, 2700)
('bathroomcnt', -42.798251946425594, 4, 9, 5)
('taxamount', 42.637451327969217, 34, 175, 3900)
('yearbuilt', -42.608422555765713, 58, 119, 1958)
('landtaxvaluedollarcnt', -42.2174462175267, 15, 109, 200000)
('taxvaluedollarcnt', -40.499518861834737, 15, 109, 200000)
('lotsizesquarefeet', 38.083981896205543, 7, 213, 4800)
('bedroomcnt', -28.111877787476693, 3, 14, 4)
573.110994885
doing 158
('taxamount', 43.116186722376895, 34, 175, 3900)
('yearbuilt', -42.399448130856292, 58, 119, 1958)
('calculatedfinishedsquarefeet', -42.046297165315835, 11, 97, 1400)
('bathroomcnt', -41.982037881202082, 4, 9, 5)
('landtaxvaluedollarcnt', -41.807159702785576, 15, 109, 200000)
('taxvaluedollarcnt', -40.20418957590492, 15, 109, 200000)
('lotsizesquarefeet', 38.327202193454958, 7, 213, 4800)
('bedroomcnt', -27.344805200017138, 3, 14, 4)
573.104516133
doing 159
('landtaxvaluedollarcnt', -42.710331555569972, 15, 109, 200000)
('yearbuilt', -42.482055819365797, 58, 119, 1958)
('calculatedfinishedsquarefeet', -42.459005053837991, 11, 97, 1400)
('bathroomcnt', -42.383081226541677, 4, 9, 5)
('taxamount', 42.006348979306367, 18, 175, 2300)
('taxvaluedollarcnt', -40.868827908729131, 15, 109, 200000)
('lotsizesquarefeet', 38.290102157776332, 7, 213, 4800)
('bedroomcnt', -27.568256711011301, 3, 14, 4)
573.09839963
doing 160
('taxamount', 42.683489585412659, 34, 175, 3900)
('yearbuilt', -42.463285137983817, 58, 119, 1958)
('calculatedfinishedsquarefeet', -42.202482440831737, 11, 97, 1400)
('bathroomcnt', -42.127322106183541, 4, 9, 5)
('landtaxvaluedollarcnt', -41.475696001381387, 13, 109, 180000)
('taxvaluedollarcnt', -40.245861409490431, 15, 109, 200000)
('lotsizesquarefeet', 38.266528549609184, 7, 213, 4800)
('bedroomcnt', -27.435790108639996, 3, 14, 4)
573.09205311
doing 161
('calculatedfinishedsquarefeet', -42.611048554875715, 11, 97, 1400)
('yearbuilt', -42.545063808135637, 58, 119, 1958)
('bathroomcnt', -42.524340737824737, 4, 9, 5)
('landtaxvaluedollarcnt', -42.364860513013141, 13, 109, 180000)
('taxamount', 41.888530451266661, 18, 175, 2300)
('taxvaluedollarcnt', -40.903829692720983, 15, 109, 200000)
('lotsizesquarefeet', 38.229800835335539, 7, 213, 4800)
('bedroomcnt', -27.656999147922164, 3, 14, 4)
573.085762517
doing 162
('yearbuilt', -42.381770154387453, 79, 119, 1979)
('landtaxvaluedollarcnt', -42.118166729325075, 13, 109, 180000)
('taxamount', 42.068760718977835, 18, 175, 2300)
('bathroomcnt', -41.878072697291458, 4, 9, 5)
('calculatedfinishedsquarefeet', -41.620162890699021, 24, 97, 2700)
('taxvaluedollarcnt', -40.66254620345692, 15, 109, 200000)
('lotsizesquarefeet', 38.39879435666235, 7, 213, 4800)
('bedroomcnt', -27.109144034391708, 3, 14, 4)
573.079313716
doing 163
('taxamount', 42.259119880725613, 18, 175, 2300)
('landtaxvaluedollarcnt', -42.052763955970661, 13, 109, 180000)
('yearbuilt', -41.661447471372256, 58, 119, 1958)
('calculatedfinishedsquarefeet', -41.46769523050753, 24, 97, 2700)
('bathroomcnt', -41.351370028828136, 4, 9, 5)
('taxvaluedollarcnt', -40.437749550932708, 15, 109, 200000)
('lotsizesquarefeet', 38.118693125529333, 7, 213, 4800)
('bedroomcnt', -27.083004837964872, 3, 14, 4)
573.068750961
doing 164
('landtaxvaluedollarcnt', -42.858146956786712, 13, 109, 180000)
('yearbuilt', -41.836130089077187, 58, 119, 1958)
('bathroomcnt', -41.735353503763079, 4, 9, 5)
('calculatedfinishedsquarefeet', -41.625733798634819, 24, 97, 2700)
('taxvaluedollarcnt', -41.549077703701265, 15, 109, 200000)
('taxamount', 41.167121196916327, 15, 175, 2000)
('lotsizesquarefeet', 38.151911485659447, 7, 213, 4800)
('bedroomcnt', -27.231027881585099, 3, 14, 4)
573.062580582
doing 165
('taxamount', 41.937916340437717, 34, 175, 3900)
('yearbuilt', -41.813174126616047, 58, 119, 1958)
('landtaxvaluedollarcnt', -41.57240254808309, 13, 109, 180000)
('bathroomcnt', -41.48860525070495, 4, 9, 5)
('calculatedfinishedsquarefeet', -41.459897654730227, 24, 97, 2700)
('taxvaluedollarcnt', -40.869076804561232, 15, 109, 200000)
('lotsizesquarefeet', 38.114110941860737, 7, 213, 4800)
('bedroomcnt', -27.107883200076834, 3, 14, 4)
573.056459908
doing 166
('landtaxvaluedollarcnt', -42.446035591301822, 13, 109, 180000)
('yearbuilt', -41.893524329014468, 58, 119, 1958)
('bathroomcnt', -41.878688965065876, 4, 9, 5)
('calculatedfinishedsquarefeet', -41.666851052682937, 24, 97, 2700)
('taxvaluedollarcnt', -41.515552036197754, 15, 109, 200000)
('taxamount', 41.111468480721086, 15, 175, 2000)
('lotsizesquarefeet', 38.078024768411851, 7, 213, 4800)
('bedroomcnt', -27.325228273623352, 3, 14, 4)
573.050409617
doing 167
('yearbuilt', -41.870789104352539, 58, 119, 1958)
('bathroomcnt', -41.634313370807099, 4, 9, 5)
('taxamount', 41.622066410447026, 30, 175, 3500)
('calculatedfinishedsquarefeet', -41.502609540477735, 24, 97, 2700)
('landtaxvaluedollarcnt', -41.26477314254543, 15, 109, 200000)
('taxvaluedollarcnt', -40.842089826174629, 15, 109, 200000)
('lotsizesquarefeet', 38.040587703550671, 7, 213, 4800)
('bedroomcnt', -27.203267715238788, 3, 14, 4)
573.043917158
doing 168
('taxamount', 41.709162446050712, 30, 175, 3500)
('calculatedfinishedsquarefeet', -41.406579556615185, 24, 97, 2700)
('landtaxvaluedollarcnt', -41.244409419024038, 15, 109, 200000)
('bathroomcnt', -41.2020753733254, 4, 9, 5)
('yearbuilt', -40.765012861070218, 79, 119, 1979)
('taxvaluedollarcnt', -40.674093967039127, 15, 109, 200000)
('lotsizesquarefeet', 37.803821514421394, 7, 213, 4800)
('bedroomcnt', -27.084080856992337, 3, 14, 4)
573.037446578
doing 169
('landtaxvaluedollarcnt', -42.111882534817767, 15, 109, 200000)
('calculatedfinishedsquarefeet', -41.596640053534976, 24, 97, 2700)
('bathroomcnt', -41.584273981045754, 4, 9, 5)
('taxvaluedollarcnt', -41.424879206650829, 15, 109, 200000)
('taxamount', 41.090970979834402, 15, 175, 2000)
('yearbuilt', -40.953542543523625, 79, 119, 1979)
('lotsizesquarefeet', 37.777946379356855, 7, 213, 4800)
('bedroomcnt', -27.289032175118194, 3, 14, 4)
573.031512399
doing 170
('taxamount', 41.426364494614646, 15, 175, 2000)
('calculatedfinishedsquarefeet', -41.425285551461378, 24, 97, 2700)
('bathroomcnt', -41.332098508707858, 4, 9, 5)
('yearbuilt', -40.900270566177902, 79, 119, 1979)
('landtaxvaluedollarcnt', -40.875466297067973, 13, 109, 180000)
('taxvaluedollarcnt', -40.810641595197581, 15, 109, 200000)
('lotsizesquarefeet', 37.754703080091794, 7, 213, 4800)
('bedroomcnt', -27.15842166951742, 3, 14, 4)
573.019354226
doing 171
('taxvaluedollarcnt', -41.883995605074176, 15, 109, 200000)
('bathroomcnt', -41.714016924702328, 4, 9, 5)
('landtaxvaluedollarcnt', -41.634313411632931, 13, 109, 180000)
('calculatedfinishedsquarefeet', -41.600760336511925, 11, 97, 1400)
('yearbuilt', -41.253346694318218, 79, 119, 1979)
('taxamount', 40.471018495191373, 34, 175, 3900)
('lotsizesquarefeet', 37.813855944506024, 7, 213, 4800)
('bedroomcnt', -27.28621145945089, 3, 14, 4)
573.011511591
doing 172
('calculatedfinishedsquarefeet', -41.41396125218435, 24, 97, 2700)
('bathroomcnt', -41.328155943088163, 4, 9, 5)
('taxamount', 41.301659803891056, 34, 175, 3900)
('yearbuilt', -40.976181408435437, 79, 119, 1979)
('landtaxvaluedollarcnt', -40.748462050492492, 13, 109, 180000)
('taxvaluedollarcnt', -40.627475736921895, 15, 109, 200000)
('lotsizesquarefeet', 37.735952452413891, 7, 213, 4800)
('bedroomcnt', -27.132949610972528, 3, 14, 4)
572.998050799
doing 173
('taxamount', 41.763599497640165, 34, 175, 3900)
('calculatedfinishedsquarefeet', -40.716344285154719, 11, 97, 1400)
('yearbuilt', -40.649610257485904, 79, 119, 1979)
('bathroomcnt', -40.540577502622988, 4, 9, 5)
('landtaxvaluedollarcnt', -40.373159387076107, 13, 109, 180000)
('taxvaluedollarcnt', -40.34250762825225, 15, 109, 200000)
('lotsizesquarefeet', 37.97063973674134, 7, 213, 4800)
('bedroomcnt', -26.392788594524546, 3, 14, 4)
572.99198831
doing 174
('landtaxvaluedollarcnt', -41.243161135105538, 13, 109, 180000)
('calculatedfinishedsquarefeet', -41.116105216629073, 11, 97, 1400)
('taxvaluedollarcnt', -40.986295756399642, 15, 109, 200000)
('bathroomcnt', -40.929039816412654, 4, 9, 5)
('yearbuilt', -40.822755648316118, 79, 119, 1979)
('taxamount', 40.730615189937907, 23, 175, 2800)
('lotsizesquarefeet', 37.934703557101685, 7, 213, 4800)
('bedroomcnt', -26.609230263459622, 3, 14, 4)
572.986282169
doing 175
('taxamount', 41.411614676002195, 26, 175, 3100)
('calculatedfinishedsquarefeet', -40.884447098587245, 11, 97, 1400)
('yearbuilt', -40.763187740673956, 79, 119, 1979)
('bathroomcnt', -40.691589560550206, 4, 9, 5)
('taxvaluedollarcnt', -40.331918732504377, 15, 109, 200000)
('landtaxvaluedollarcnt', -40.070212360646089, 15, 109, 200000)
('lotsizesquarefeet', 37.898327417917301, 7, 213, 4800)
('bedroomcnt', -26.490725934574513, 3, 14, 4)
572.979206129
doing 176
('calculatedfinishedsquarefeet', -41.247063398530635, 11, 97, 1400)
('taxvaluedollarcnt', -41.207042029445475, 15, 109, 200000)
('bathroomcnt', -41.068893766966021, 4, 9, 5)
('yearbuilt', -40.973305002169496, 79, 119, 1979)
('landtaxvaluedollarcnt', -40.899049060403399, 15, 109, 200000)
('taxamount', 40.367742711209026, 15, 175, 2000)
('lotsizesquarefeet', 37.883938568591695, 7, 213, 4800)
('bedroomcnt', -26.679878936536959, 3, 14, 4)
572.973325238
doing 177
('taxvaluedollarcnt', -40.973482055771569, 15, 109, 200000)
('yearbuilt', -40.82645476473688, 79, 119, 1979)
('taxamount', 40.698197734879592, 34, 175, 3900)
('landtaxvaluedollarcnt', -40.642909634734366, 15, 109, 200000)
('bathroomcnt', -40.443312849707162, 4, 9, 5)
('calculatedfinishedsquarefeet', -40.138037017256103, 24, 97, 2700)
('lotsizesquarefeet', 38.04752258551941, 7, 213, 4800)
('bedroomcnt', -26.149560735803185, 3, 14, 4)
572.965823461
doing 178
('taxamount', 41.510781784350364, 34, 175, 3900)
('yearbuilt', -40.555314757592441, 79, 119, 1979)
('bathroomcnt', -40.065840075732552, 4, 9, 5)
('calculatedfinishedsquarefeet', -39.977564767219434, 24, 97, 2700)
('landtaxvaluedollarcnt', -39.843772050940451, 15, 109, 200000)
('taxvaluedollarcnt', -39.744277594098421, 15, 109, 200000)
('lotsizesquarefeet', 37.971312632547964, 7, 213, 4800)
('bedroomcnt', -25.999630637021038, 3, 14, 4)
572.959837169
doing 179
('taxamount', 40.771696170987049, 23, 175, 2800)
('yearbuilt', -40.727412005487047, 79, 119, 1979)
('landtaxvaluedollarcnt', -40.713314850170569, 15, 109, 200000)
('bathroomcnt', -40.451950816500357, 4, 9, 5)
('taxvaluedollarcnt', -40.384168523624034, 15, 109, 200000)
('calculatedfinishedsquarefeet', -40.182410360219528, 24, 97, 2700)
('lotsizesquarefeet', 37.935593994089395, 7, 213, 4800)
('bedroomcnt', -26.214762067172543, 3, 14, 4)
572.952168979
doing 180
('landtaxvaluedollarcnt', -41.489719445335467, 15, 109, 200000)
('taxvaluedollarcnt', -41.362187017580403, 15, 109, 200000)
('yearbuilt', -40.966488020104364, 79, 119, 1979)
('bathroomcnt', -40.82143320165499, 4, 9, 5)
('calculatedfinishedsquarefeet', -40.445970971184856, 11, 97, 1400)
('taxamount', 40.039780865844676, 15, 175, 2000)
('lotsizesquarefeet', 37.935587450111839, 7, 213, 4800)
('bedroomcnt', -26.387987819864431, 3, 14, 4)
572.946415909
doing 181
('yearbuilt', -40.914003085655168, 79, 119, 1979)
('taxvaluedollarcnt', -40.75702418376747, 15, 109, 200000)
('bathroomcnt', -40.572983382541743, 4, 9, 5)
('taxamount', 40.370219259818441, 15, 175, 2000)
('landtaxvaluedollarcnt', -40.329594895521858, 13, 109, 180000)
('calculatedfinishedsquarefeet', -40.196779479164526, 11, 97, 1400)
('lotsizesquarefeet', 37.912687548529576, 7, 213, 4800)
('bedroomcnt', -26.259306960501078, 3, 14, 4)
572.940420597
doing 182
('taxamount', 40.546496880480092, 15, 175, 2000)
('taxvaluedollarcnt', -40.54001269742524, 15, 109, 200000)
('landtaxvaluedollarcnt', -40.266457153490727, 13, 109, 180000)
('bathroomcnt', -40.064521500835831, 4, 9, 5)
('calculatedfinishedsquarefeet', -40.045781943768056, 11, 97, 1400)
('yearbuilt', -39.77727630064318, 58, 119, 1958)
('lotsizesquarefeet', 37.642286793838899, 7, 213, 4800)
('bedroomcnt', -26.234073017714731, 3, 14, 4)
572.9287803
doing 183
('taxvaluedollarcnt', -41.590569403137813, 15, 109, 200000)
('landtaxvaluedollarcnt', -41.009186874981651, 13, 109, 180000)
('bathroomcnt', -40.43832823120254, 4, 9, 5)
('calculatedfinishedsquarefeet', -40.305305814571966, 11, 97, 1400)
('yearbuilt', -40.032160026041709, 79, 119, 1979)
('taxamount', 39.475307716223277, 34, 175, 3900)
('lotsizesquarefeet', 37.70018329191938, 7, 213, 4800)
('bedroomcnt', -26.359148640017089, 3, 14, 4)
572.921054038
doing 184
('taxvaluedollarcnt', -40.342852321043722, 15, 109, 200000)
('taxamount', 40.303587149613094, 33, 175, 3800)
('landtaxvaluedollarcnt', -40.129541512018548, 13, 109, 180000)
('bathroomcnt', -40.055170471205194, 4, 9, 5)
('calculatedfinishedsquarefeet', -40.014789079668084, 24, 97, 2700)
('yearbuilt', -39.783741061326026, 58, 119, 1958)
('lotsizesquarefeet', 37.622825567380474, 7, 213, 4800)
('bedroomcnt', -26.206960496218962, 3, 14, 4)
572.913784398
doing 185
('taxamount', 41.136178463380226, 23, 175, 2800)
('calculatedfinishedsquarefeet', -39.856786684947529, 24, 97, 2700)
('bathroomcnt', -39.683507444007681, 4, 9, 5)
('yearbuilt', -39.588153147747626, 58, 119, 1958)
('landtaxvaluedollarcnt', -39.276285509944316, 13, 109, 180000)
('taxvaluedollarcnt', -39.132566751412398, 15, 109, 200000)
('lotsizesquarefeet', 37.547788574577751, 7, 213, 4800)
('bedroomcnt', -26.059337996734719, 3, 14, 4)
572.905981205
doing 186
('taxamount', 40.132696928481721, 34, 175, 3900)
('taxvaluedollarcnt', -40.119328330797089, 15, 109, 200000)
('landtaxvaluedollarcnt', -40.118024248136464, 13, 109, 180000)
('bathroomcnt', -40.056292850605772, 4, 9, 5)
('calculatedfinishedsquarefeet', -40.047356831862018, 11, 97, 1400)
('yearbuilt', -39.73118288426771, 79, 119, 1979)
('lotsizesquarefeet', 37.54778197209972, 7, 213, 4800)
('bedroomcnt', -26.23411231682433, 3, 14, 4)
572.900388633
doing 187
('landtaxvaluedollarcnt', -40.954051719448813, 13, 109, 180000)
('taxvaluedollarcnt', -40.737976008293217, 15, 109, 200000)
('calculatedfinishedsquarefeet', -40.431506773430499, 11, 97, 1400)
('bathroomcnt', -40.429585394710749, 4, 9, 5)
('yearbuilt', -39.897566806590888, 79, 119, 1979)
('taxamount', 39.550467286312497, 15, 175, 2000)
('lotsizesquarefeet', 37.513249129538401, 7, 213, 4800)
('bedroomcnt', -26.44210176233554, 3, 14, 4)
572.894768257
doing 188
('calculatedfinishedsquarefeet', -40.201472549903407, 11, 97, 1400)
('bathroomcnt', -40.193799635526766, 4, 9, 5)
('taxvaluedollarcnt', -40.088186085720693, 15, 109, 200000)
('taxamount', 39.979671294762937, 18, 175, 2300)
('yearbuilt', -39.838416462551876, 79, 119, 1979)
('landtaxvaluedollarcnt', -39.768334784726207, 15, 109, 200000)
('lotsizesquarefeet', 37.477127982552837, 7, 213, 4800)
('bedroomcnt', -26.324428134015839, 3, 14, 4)
572.889186448
doing 189
('taxamount', 40.211861792702514, 40, 175, 4500)
('taxvaluedollarcnt', -39.86054673162446, 15, 109, 200000)
('calculatedfinishedsquarefeet', -39.812819383265946, 24, 97, 2700)
('yearbuilt', -39.695288799570008, 79, 119, 1979)
('bathroomcnt', -39.584076857690832, 4, 9, 5)
('landtaxvaluedollarcnt', -39.518688355585503, 15, 109, 200000)
('lotsizesquarefeet', 37.636565232729453, 7, 213, 4800)
('bedroomcnt', -25.807553214133087, 3, 14, 4)
572.883786449
doing 190
('taxvaluedollarcnt', -40.376737852482229, 15, 109, 200000)
('landtaxvaluedollarcnt', -40.334761524132183, 15, 109, 200000)
('calculatedfinishedsquarefeet', -40.042339480187998, 24, 97, 2700)
('bathroomcnt', -39.976603313547066, 4, 9, 5)
('yearbuilt', -39.85717007334118, 79, 119, 1979)
('taxamount', 39.73168017089953, 18, 175, 2300)
('lotsizesquarefeet', 37.58744890938322, 7, 213, 4800)
('bedroomcnt', -26.038533077987964, 3, 14, 4)
572.876506491
doing 191
('taxamount', 40.534541138425631, 18, 175, 2300)
('calculatedfinishedsquarefeet', -39.884204373108048, 24, 97, 2700)
('bathroomcnt', -39.604628112111257, 4, 9, 5)
('yearbuilt', -39.58997899168282, 79, 119, 1979)
('landtaxvaluedollarcnt', -39.547262705140113, 15, 109, 200000)
('taxvaluedollarcnt', -39.165435716907758, 15, 109, 200000)
('lotsizesquarefeet', 37.512348890090507, 7, 213, 4800)
('bedroomcnt', -25.89078658462223, 3, 14, 4)
572.86680464
doing 192
('landtaxvaluedollarcnt', -40.259819760999491, 15, 109, 200000)
('taxvaluedollarcnt', -40.231410986951971, 15, 109, 200000)
('calculatedfinishedsquarefeet', -40.035793446881812, 24, 97, 2700)
('bathroomcnt', -39.972941366271726, 4, 9, 5)
('yearbuilt', -39.89038781693344, 79, 119, 1979)
('taxamount', 39.381049090925991, 15, 175, 2000)
('lotsizesquarefeet', 37.544211621473593, 7, 213, 4800)
('bedroomcnt', -26.032768863666259, 3, 14, 4)
572.861391219
doing 193
('taxamount', 39.98487415840048, 30, 175, 3500)
('calculatedfinishedsquarefeet', -39.871975043299081, 24, 97, 2700)
('yearbuilt', -39.839458718608853, 79, 119, 1979)
('bathroomcnt', -39.731856464496715, 4, 9, 5)
('taxvaluedollarcnt', -39.6441872857297, 15, 109, 200000)
('landtaxvaluedollarcnt', -39.092209832024487, 13, 109, 180000)
('lotsizesquarefeet', 37.52199055267458, 7, 213, 4800)
('bedroomcnt', -25.907902552832713, 3, 14, 4)
572.855456038
doing 194
('taxvaluedollarcnt', -40.363934496302136, 15, 109, 200000)
('bathroomcnt', -40.098254693014937, 4, 9, 5)
('calculatedfinishedsquarefeet', -40.054178295681531, 24, 97, 2700)
('yearbuilt', -40.020194441551524, 79, 119, 1979)
('landtaxvaluedollarcnt', -39.943339955405406, 13, 109, 180000)
('taxamount', 39.221853806519789, 15, 175, 2000)
('lotsizesquarefeet', 37.497185115242821, 7, 213, 4800)
('bedroomcnt', -26.104381028622257, 3, 14, 4)
572.848181618
doing 195
('taxamount', 39.947226820077113, 23, 175, 2800)
('calculatedfinishedsquarefeet', -39.896093332823476, 24, 97, 2700)
('yearbuilt', -39.753088085474516, 79, 119, 1979)
('bathroomcnt', -39.726397443926174, 4, 9, 5)
('taxvaluedollarcnt', -39.153016461413088, 15, 109, 200000)
('landtaxvaluedollarcnt', -39.096387184751407, 15, 109, 200000)
('lotsizesquarefeet', 37.422108909966468, 7, 213, 4800)
('bedroomcnt', -25.956681385276624, 3, 14, 4)
572.840825293
doing 196
('taxvaluedollarcnt', -40.111257846526442, 15, 109, 200000)
('bathroomcnt', -40.088408300278545, 4, 9, 5)
('calculatedfinishedsquarefeet', -40.054628975800561, 24, 97, 2700)
('yearbuilt', -39.987329598094171, 79, 119, 1979)
('landtaxvaluedollarcnt', -39.907048176164864, 13, 109, 180000)
('taxamount', 39.192153452597324, 15, 175, 2000)
('lotsizesquarefeet', 37.422102498318644, 7, 213, 4800)
('bedroomcnt', -26.126404234305134, 3, 14, 4)
572.833642007
doing 197
('calculatedfinishedsquarefeet', -39.897533618621232, 24, 97, 2700)
('taxamount', 39.860133531203964, 18, 175, 2300)
('yearbuilt', -39.721895317349471, 79, 119, 1979)
('bathroomcnt', -39.71887886301154, 4, 9, 5)
('landtaxvaluedollarcnt', -39.074770672132303, 15, 109, 200000)
('taxvaluedollarcnt', -38.907920111130636, 15, 109, 200000)
('lotsizesquarefeet', 37.347496267148237, 7, 213, 4800)
('bedroomcnt', -25.979629184944667, 3, 14, 4)
572.821158036
doing 198
('taxamount', 40.058344805634796, 18, 175, 2300)
('yearbuilt', -39.407282006284149, 79, 119, 1979)
('bathroomcnt', -38.960138661502725, 4, 9, 5)
('calculatedfinishedsquarefeet', -38.727226236660684, 11, 97, 1400)
('landtaxvaluedollarcnt', -38.697129970102324, 13, 109, 180000)
('taxvaluedollarcnt', -38.633386491256672, 15, 109, 200000)
('lotsizesquarefeet', 37.573590162375979, 7, 213, 4800)
('bedroomcnt', -25.266570154993296, 3, 14, 4)
572.811684103
doing 199
('yearbuilt', -39.704161654272497, 79, 119, 1979)
('taxvaluedollarcnt', -39.686838774727349, 15, 109, 200000)
('landtaxvaluedollarcnt', -39.460570146763509, 13, 109, 180000)
('bathroomcnt', -39.3241250029605, 4, 9, 5)
('taxamount', 39.225656710745753, 40, 175, 4500)
('calculatedfinishedsquarefeet', -39.017032326600095, 11, 97, 1400)
('lotsizesquarefeet', 37.605078573107811, 7, 213, 4800)
('bedroomcnt', -25.406884438330373, 3, 14, 4)
572.806042616
doing 200
('taxvaluedollarcnt', -39.476244394203675, 15, 109, 200000)
('landtaxvaluedollarcnt', -39.399299409924495, 13, 109, 180000)
('taxamount', 39.397009130665246, 40, 175, 4500)
('calculatedfinishedsquarefeet', -38.870499841322911, 11, 97, 1400)
('bathroomcnt', -38.830698517558275, 4, 9, 5)
('yearbuilt', -38.748639850049919, 58, 119, 1958)
('lotsizesquarefeet', 37.342673663639559, 7, 213, 4800)
('bedroomcnt', -25.382396672088824, 3, 14, 4)
572.79908552
doing 201
('taxamount', 40.07478162409619, 40, 175, 4500)
('calculatedfinishedsquarefeet', -38.606855831061864, 28, 97, 3100)
('landtaxvaluedollarcnt', -38.57379317526398, 15, 109, 200000)
('yearbuilt', -38.557253375550474, 58, 119, 1958)
('bathroomcnt', -38.46701921255557, 4, 9, 5)
('taxvaluedollarcnt', -38.291957062377513, 15, 109, 200000)
('lotsizesquarefeet', 37.269248546275222, 7, 213, 4800)
('bedroomcnt', -25.237945262918409, 3, 14, 4)
572.793724604
doing 202
('taxamount', 39.529689591281439, 15, 175, 2000)
('landtaxvaluedollarcnt', -39.387084392352705, 15, 109, 200000)
('calculatedfinishedsquarefeet', -39.003141885157405, 11, 97, 1400)
('bathroomcnt', -38.858207565912878, 4, 9, 5)
('taxvaluedollarcnt', -38.806388514253882, 15, 109, 200000)
('yearbuilt', -38.633314819181535, 58, 119, 1958)
('lotsizesquarefeet', 37.220299657949049, 7, 213, 4800)
('bedroomcnt', -25.468137728297542, 3, 14, 4)
572.782665369
doing 203
('landtaxvaluedollarcnt', -40.076014851881119, 13, 109, 180000)
('taxvaluedollarcnt', -39.830599819049752, 15, 109, 200000)
('calculatedfinishedsquarefeet', -39.256157530002113, 11, 97, 1400)
('bathroomcnt', -39.222640134824786, 4, 9, 5)
('yearbuilt', -38.836197918757641, 58, 119, 1958)
('taxamount', 38.343798903543004, 15, 175, 2000)
('lotsizesquarefeet', 37.276744253009596, 7, 213, 4800)
('bedroomcnt', -25.590076758927665, 3, 14, 4)
572.777286388
doing 204
